chr21	46494288	46495424	193
chr21	40177142	40178620	180
chr21	47648252	47649441	116
chr21	46951003	46952262	119
chr21	34960454	34961126	114
chr21	35014896	35015765	75
chr21	18984619	18985634	120
chr21	34398111	34400153	162
chr21	40817359	40817914	71
chr21	46359716	46360409	51
chr21	34775472	34775966	111
chr21	40555096	40555890	63
chr21	34863666	34864242	33
chr21	40720584	40720999	91
chr21	37692299	37692781	29
chr21	47565568	47565990	67
chr21	38593122	38593503	2
chr21	45553068	45553959	23
chr21	16436924	16437250	97
chr21	33246031	33246581	52
chr21	35747585	35747955	39
chr21	9926563	9927096	54
chr21	15436219	15436568	34
chr21	47717472	47717890	61
chr21	37442214	37442493	49
chr21	47532120	47532593	27
chr21	15308268	15308877	13
chr21	33245458	33245700	47
chr21	40721208	40721427	44
chr21	15436657	15436867	23
chr21	34395437	34395810	27
chr21	16436616	16436831	30
chr21	34397548	34398045	28
chr21	47742891	47743081	4
chr21	16437516	16437791	13
chr21	46221395	46221516	23
chr21	46369253	46369498	14
chr21	34776301	34776416	17
chr21	34101720	34101850	0
chr21	34395151	34395331	0
chr21	44840130	44840442	35
chr21	46306545	46306701	19
chr21	47334244	47334419	12
chr21	44106498	44106647	16
chr21	33032350	33032426	29
chr21	46143489	46143567	19
chr21	48081665	48081835	14
chr21	33765522	33765695	22
chr21	46846381	46846513	3
chr21	47566043	47566181	20
chr21	44477814	44477939	6
chr21	38638311	38638380	11
chr21	35748012	35748095	0
chr21	30391630	30391721	10
chr21	31311628	31311722	21
chr21	33245020	33245112	16
chr21	33031748	33031814	13
chr21	47532655	47532773	7
chr21	46222183	46222338	26
chr21	32716168	32716263	18
chr21	47457250	47457376	0
chr21	45363511	45363699	13
chr21	31311430	31311540	2
chr21	34444364	34444445	22
chr21	47457534	47457605	13
chr21	44831040	44831143	0
chr21	30365201	30365319	11
chr21	47717953	47718007	0
chr21	43236431	43236481	9
chr21	40721085	40721135	7
chr21	46850594	46850741	0
chr21	44865421	44865551	14
chr21	43639824	43639880	12
chr21	30445743	30445856	18
chr21	45753806	45753931	0
chr21	46392244	46392299	6
chr21	47833135	47833227	10
chr21	47430757	47430840	6
chr21	46388163	46388227	0
chr21	46320076	46320488	1
chr21	38258589	38258649	4
chr21	46804198	46804597	6
chr21	15069255	15069323	4
chr21	38367720	38367799	3
chr21	43730645	43730749	0
