chr21	9825653	9825653	2
chr21	9826256	9826256	2
chr21	9826636	9826637	1
chr21	9826718	9826718	2
chr21	9826887	9826887	2
chr21	9826932	9826932	2
chr21	9876842	9876842	1
chr21	9876963	9876963	2
chr21	9876999	9876999	1
chr21	9879239	9879239	1
chr21	9968721	9968721	2
chr21	10597283	10597283	2
chr21	10598283	10598283	2
chr21	10884805	10884805	1
chr21	10885060	10885060	1
chr21	10891859	10891859	2
chr21	10990715	10990715	1
chr21	10991005	10991005	1
chr21	11017390	11017390	1
chr21	11099119	11099119	1
chr21	11116690	11116699	1
chr21	14409963	14409963	2
chr21	14565026	14565026	1
chr21	14568665	14568665	2
chr21	14568842	14568842	1
chr21	14625540	14625540	2
chr21	14625560	14625560	1
chr21	14740552	14740552	1
chr21	14751241	14751241	1
chr21	14800847	14800847	1
chr21	15069357	15069357	1
chr21	15077622	15077622	1
chr21	15353428	15353428	1
chr21	15416760	15416760	2
chr21	15427022	15427022	2
chr21	15430513	15430513	1
chr21	15588643	15588646	1
chr21	15673547	15673547	1
chr21	15869868	15869868	2
chr21	15902420	15902420	2
chr21	15978440	15978440	1
chr21	16057183	16057183	2
chr21	16416337	16416337	2
chr21	16436688	16436696	2
chr21	16436732	16436732	2
chr21	16436773	16436773	1
chr21	16436795	16436795	1
chr21	16436826	16436831	1
chr21	16436930	16436930	1
chr21	16436941	16436944	1
chr21	16436958	16436960	1
chr21	16437022	16437022	1
chr21	16437025	16437025	1
chr21	16437029	16437041	2
chr21	16437050	16437051	1
chr21	16437056	16437056	1
chr21	16437073	16437073	1
chr21	16437078	16437078	2
chr21	16437108	16437112	1
chr21	16437114	16437114	2
chr21	16437120	16437120	1
chr21	16437127	16437133	3
chr21	16437143	16437150	1
chr21	16437154	16437154	2
chr21	16437187	16437187	2
chr21	16437200	16437216	6
chr21	16437223	16437224	1
chr21	16437227	16437234	2
chr21	16437250	16437250	2
chr21	16437740	16437740	1
chr21	16437768	16437769	1
chr21	16591883	16591883	1
chr21	16601333	16601333	1
chr21	16639386	16639386	1
chr21	16639620	16639620	1
chr21	16660933	16660933	2
chr21	16686989	16686989	1
chr21	17102021	17102021	2
chr21	17246032	17246042	1
chr21	17246101	17246101	1
chr21	17398822	17398822	1
chr21	17418727	17418727	1
chr21	17758565	17758565	1
chr21	17930520	17930520	2
chr21	18010808	18010808	2
chr21	18032835	18032835	1
chr21	18102579	18102579	1
chr21	18542162	18542222	1
chr21	18665273	18665273	2
chr21	18708480	18708480	1
chr21	18748530	18748530	2
chr21	18748614	18748614	2
chr21	18748652	18748652	2
chr21	18834339	18834339	1
chr21	18839321	18839321	2
chr21	18857604	18857604	1
chr21	18857661	18857661	2
chr21	18885536	18885536	1
chr21	18885549	18885549	2
chr21	18885644	18885644	1
chr21	18885727	18885727	2
chr21	18885742	18885743	1
chr21	18885753	18885753	2
chr21	18885758	18885758	2
chr21	18885762	18885772	3
chr21	18936152	18936152	1
chr21	18984625	18984625	1
chr21	18984627	18984627	2
chr21	18984646	18984646	1
chr21	18984669	18984669	1
chr21	18984671	18984702	5
chr21	18984711	18984711	2
chr21	18984719	18984734	3
chr21	18984737	18984749	2
chr21	18984770	18984770	1
chr21	18984793	18984803	3
chr21	18984805	18984814	1
chr21	18984816	18984821	2
chr21	18984827	18984827	1
chr21	18984830	18984830	2
chr21	18984842	18984842	1
chr21	18984850	18984850	1
chr21	18984853	18984853	1
chr21	18985105	18985124	2
chr21	18985136	18985136	1
chr21	18985144	18985146	1
chr21	18985157	18985157	1
chr21	18985162	18985162	1
chr21	18985179	18985179	1
chr21	18985204	18985208	1
chr21	18985216	18985216	1
chr21	18985240	18985240	1
chr21	18985253	18985253	1
chr21	18985260	18985283	1
chr21	18985299	18985299	2
chr21	18985316	18985316	2
chr21	18985318	18985319	1
chr21	20124119	20124119	1
chr21	20131990	20131990	1
chr21	20393866	20393866	1
chr21	20393874	20393874	1
chr21	20865955	20865955	1
chr21	20946627	20946627	1
chr21	20946729	20946729	2
chr21	21219074	21219074	1
chr21	21467761	21467761	2
chr21	21519282	21519282	2
chr21	21806008	21806008	1
chr21	21960475	21960475	2
chr21	21967766	21967766	1
chr21	21967842	21967842	1
chr21	21997241	21997241	1
chr21	22013101	22013101	1
chr21	22369506	22369506	2
chr21	22369569	22369569	2
chr21	22370241	22370241	1
chr21	22370646	22370646	1
chr21	22370686	22370686	1
chr21	22370746	22370746	2
chr21	22786915	22786915	1
chr21	22851680	22851680	2
chr21	23119438	23119438	2
chr21	23162861	23162861	1
chr21	23162893	23162893	1
chr21	23303579	23303579	1
chr21	23360316	23360316	1
chr21	23495586	23495586	1
chr21	23582250	23582250	1
chr21	23722691	23722691	1
chr21	24393928	24393928	1
chr21	24473568	24473568	2
chr21	24641739	24641771	1
chr21	24793311	24793311	2
chr21	24829330	24829330	1
chr21	24935269	24935269	2
chr21	24974547	24974547	1
chr21	25008560	25008560	2
chr21	25008653	25008653	2
chr21	25128648	25128648	1
chr21	25179412	25179412	2
chr21	25180334	25180334	1
chr21	25211836	25211836	1
chr21	25229657	25229657	2
chr21	25295033	25295033	1
chr21	25295082	25295082	2
chr21	25337238	25337238	1
chr21	25486751	25486751	1
chr21	25519479	25519479	1
chr21	25581256	25581256	1
chr21	25682619	25682619	1
chr21	25871218	25871218	1
chr21	26140033	26140033	1
chr21	26424238	26424238	2
chr21	26426255	26426255	2
chr21	26656374	26656374	1
chr21	26979809	26979810	1
chr21	26980003	26980003	1
chr21	27071816	27071816	1
chr21	27945437	27945437	1
chr21	27945454	27945464	1
chr21	27945468	27945469	1
chr21	27945481	27945487	1
chr21	27945552	27945552	1
chr21	28197230	28197230	1
chr21	30365204	30365205	1
chr21	30365247	30365319	5
chr21	30372593	30372593	1
chr21	30391510	30391510	1
chr21	30391631	30391662	2
chr21	30391693	30391702	2
chr21	30391714	30391714	1
chr21	30445794	30445800	4
chr21	30834292	30834292	1
chr21	30913577	30913577	1
chr21	30947303	30947303	1
chr21	31311540	31311540	1
chr21	31311635	31311635	1
chr21	31311644	31311644	1
chr21	31311646	31311646	2
chr21	31311655	31311668	6
chr21	31311717	31311717	1
chr21	32528220	32528220	2
chr21	32716181	32716181	1
chr21	32716218	32716239	3
chr21	32716345	32716345	2
chr21	32744794	32744794	1
chr21	32834128	32834128	1
chr21	32931060	32931060	1
chr21	33031748	33031748	1
chr21	33031751	33031794	6
chr21	33031807	33031807	2
chr21	33031814	33031814	2
chr21	33032350	33032350	1
chr21	33032354	33032361	4
chr21	33032369	33032380	6
chr21	33032395	33032408	6
chr21	33032410	33032426	4
chr21	33032599	33032628	3
chr21	33244929	33244937	2
chr21	33245020	33245020	1
chr21	33245027	33245077	8
chr21	33245082	33245082	2
chr21	33245197	33245197	2
chr21	33245211	33245211	2
chr21	33245485	33245488	1
chr21	33245494	33245510	7
chr21	33245520	33245523	1
chr21	33245525	33245525	2
chr21	33245533	33245533	1
chr21	33245544	33245544	1
chr21	33245549	33245567	8
chr21	33245572	33245591	3
chr21	33245642	33245700	8
chr21	33245850	33245850	1
chr21	33245864	33245864	2
chr21	33245876	33245876	2
chr21	33245899	33245899	2
chr21	33245909	33245909	2
chr21	33246031	33246042	3
chr21	33246050	33246050	1
chr21	33246052	33246059	2
chr21	33246061	33246073	4
chr21	33246117	33246117	2
chr21	33246157	33246216	7
chr21	33246218	33246218	2
chr21	33246264	33246264	1
chr21	33246288	33246295	1
chr21	33246349	33246349	1
chr21	33259239	33259239	2
chr21	33279970	33279970	2
chr21	33288654	33288654	2
chr21	33369326	33369326	1
chr21	33453413	33453413	1
chr21	33506504	33506505	1
chr21	33608608	33608608	1
chr21	33608612	33608612	2
chr21	33696999	33696999	1
chr21	33719711	33719772	1
chr21	33765147	33765147	1
chr21	33765178	33765178	2
chr21	33765249	33765249	2
chr21	33765592	33765592	1
chr21	33765597	33765597	1
chr21	33765622	33765623	1
chr21	33765637	33765679	3
chr21	33765687	33765687	1
chr21	34032240	34032240	2
chr21	34057364	34057364	1
chr21	34099741	34099741	1
chr21	34099944	34099944	1
chr21	34100235	34100235	1
chr21	34100298	34100298	1
chr21	34100360	34100360	2
chr21	34100386	34100386	2
chr21	34218933	34218933	1
chr21	34395490	34395549	2
chr21	34395552	34395552	2
chr21	34395566	34395582	2
chr21	34395591	34395619	2
chr21	34397548	34397549	1
chr21	34397552	34397626	9
chr21	34397641	34397642	1
chr21	34397655	34397655	2
chr21	34397690	34397734	1
chr21	34398012	34398012	1
chr21	34398111	34398115	2
chr21	34398132	34398173	6
chr21	34398179	34398194	6
chr21	34398199	34398200	1
chr21	34398243	34398263	3
chr21	34398279	34398279	2
chr21	34398620	34398638	1
chr21	34398644	34398644	1
chr21	34398658	34398773	7
chr21	34398808	34398808	1
chr21	34398836	34398836	1
chr21	34398849	34398915	2
chr21	34398917	34398918	1
chr21	34398950	34398950	2
chr21	34398968	34398968	1
chr21	34398983	34398983	1
chr21	34399243	34399243	1
chr21	34399266	34399313	4
chr21	34399326	34399336	4
chr21	34399342	34399342	2
chr21	34399356	34399356	2
chr21	34399361	34399421	6
chr21	34399430	34399437	5
chr21	34399443	34399446	2
chr21	34399797	34399803	3
chr21	34399815	34399815	1
chr21	34399817	34399838	2
chr21	34399842	34399864	9
chr21	34399875	34399877	2
chr21	34399903	34399903	1
chr21	34400118	34400118	2
chr21	34400131	34400131	2
chr21	34400152	34400153	1
chr21	34420791	34420791	1
chr21	34442354	34442360	1
chr21	34442524	34442524	1
chr21	34442575	34442575	1
chr21	34442577	34442577	2
chr21	34442580	34442580	2
chr21	34442839	34442839	1
chr21	34442895	34442901	1
chr21	34442939	34442939	1
chr21	34442980	34443011	2
chr21	34443070	34443070	1
chr21	34443090	34443090	1
chr21	34443310	34443310	1
chr21	34443803	34443803	1
chr21	34443879	34443879	1
chr21	34444364	34444364	1
chr21	34444383	34444383	2
chr21	34444392	34444392	1
chr21	34444406	34444406	2
chr21	34444425	34444425	1
chr21	34444432	34444432	1
chr21	34444445	34444445	1
chr21	34487822	34487822	2
chr21	34501909	34501909	1
chr21	34513106	34513106	1
chr21	34538441	34538441	1
chr21	34773628	34773628	2
chr21	34775472	34775472	1
chr21	34775491	34775491	2
chr21	34775506	34775507	1
chr21	34775619	34775630	2
chr21	34775632	34775632	2
chr21	34775649	34775654	1
chr21	34775660	34775676	5
chr21	34775678	34775683	3
chr21	34775716	34775766	7
chr21	34775787	34775787	1
chr21	34775795	34775795	1
chr21	34775806	34775814	1
chr21	34775853	34775853	1
chr21	34775860	34775872	2
chr21	34775888	34775889	1
chr21	34775903	34775904	1
chr21	34775907	34775910	2
chr21	34775917	34775929	2
chr21	34775946	34775946	2
chr21	34775949	34775954	2
chr21	34775956	34775966	4
chr21	34776301	34776316	2
chr21	34776336	34776340	1
chr21	34776345	34776358	3
chr21	34776382	34776382	2
chr21	34776416	34776416	2
chr21	34863971	34863995	3
chr21	34864009	34864013	2
chr21	34864036	34864110	12
chr21	34864123	34864197	7
chr21	34960454	34960469	1
chr21	34960484	34960510	6
chr21	34960519	34960604	11
chr21	34960657	34960657	1
chr21	34960662	34960665	2
chr21	34960675	34960675	1
chr21	34960677	34960688	7
chr21	34960703	34960728	6
chr21	34960732	34960829	4
chr21	34960844	34960844	1
chr21	34960863	34960863	1
chr21	34960869	34960869	2
chr21	34960889	34960903	2
chr21	34960936	34960950	2
chr21	34960953	34960957	3
chr21	34960972	34961002	1
chr21	34961017	34961018	1
chr21	34961028	34961028	2
chr21	34961045	34961055	5
chr21	34961061	34961067	2
chr21	35015268	35015292	4
chr21	35015303	35015303	1
chr21	35015322	35015355	6
chr21	35015459	35015473	3
chr21	35015497	35015497	2
chr21	35015509	35015516	1
chr21	35015564	35015568	2
chr21	35015579	35015580	1
chr21	35015584	35015585	1
chr21	35015618	35015625	2
chr21	35015627	35015637	1
chr21	35015640	35015645	1
chr21	35015655	35015655	2
chr21	35015673	35015674	1
chr21	35015683	35015765	6
chr21	35026074	35026074	1
chr21	35026124	35026124	1
chr21	35062252	35062252	2
chr21	35219742	35219742	1
chr21	35281839	35281839	1
chr21	35747595	35747662	2
chr21	35747680	35747699	2
chr21	35747710	35747711	1
chr21	35747717	35747736	3
chr21	35747739	35747743	3
chr21	35747749	35747802	5
chr21	35747880	35747939	4
chr21	35747943	35747955	3
chr21	35784138	35784138	1
chr21	35831851	35831851	1
chr21	35832110	35832110	1
chr21	35987103	35987103	1
chr21	35987185	35987185	1
chr21	35987429	35987430	1
chr21	35987506	35987507	1
chr21	35989326	35989326	2
chr21	36260949	36260949	1
chr21	36261147	36261147	1
chr21	36261260	36261260	1
chr21	36261422	36261422	2
chr21	36261436	36261436	2
chr21	36261445	36261445	2
chr21	36261518	36261518	2
chr21	36261633	36261633	2
chr21	36261703	36261703	2
chr21	36261708	36261708	2
chr21	36261715	36261715	2
chr21	36261746	36261746	2
chr21	36262769	36262769	2
chr21	36262809	36262809	2
chr21	36402412	36402412	2
chr21	37442250	37442275	4
chr21	37442289	37442289	1
chr21	37442308	37442314	2
chr21	37442346	37442350	1
chr21	37442360	37442385	1
chr21	37442405	37442405	1
chr21	37442437	37442483	8
chr21	37477201	37477201	1
chr21	37485397	37485397	2
chr21	37507361	37507361	1
chr21	37528542	37528542	1
chr21	37529627	37529627	2
chr21	37531724	37531724	1
chr21	37573253	37573253	1
chr21	37692668	37692668	1
chr21	37692678	37692678	1
chr21	37692701	37692708	5
chr21	37692718	37692720	1
chr21	37692757	37692757	1
chr21	37692781	37692781	1
chr21	37750423	37750423	2
chr21	37757501	37757501	1
chr21	37757860	37757860	1
chr21	37771625	37771625	2
chr21	37776959	37776959	1
chr21	37788168	37788168	2
chr21	37870098	37870098	1
chr21	37904526	37904526	2
chr21	37963551	37963551	1
chr21	38068491	38068491	1
chr21	38077131	38077131	2
chr21	38077598	38077598	2
chr21	38080598	38080598	2
chr21	38119925	38119925	2
chr21	38120037	38120038	1
chr21	38143246	38143246	1
chr21	38445443	38445443	1
chr21	38445571	38445571	2
chr21	38445919	38445919	2
chr21	38639816	38639816	2
chr21	38738667	38738667	1
chr21	39129646	39129646	1
chr21	39755720	39755720	1
chr21	39814050	39814050	1
chr21	40117575	40117575	1
chr21	40177153	40177154	1
chr21	40177166	40177310	7
chr21	40177322	40177322	2
chr21	40177345	40177402	8
chr21	40177405	40177405	2
chr21	40177415	40177416	1
chr21	40177430	40177430	1
chr21	40177442	40177442	1
chr21	40177450	40177467	9
chr21	40177481	40177531	4
chr21	40177852	40177852	1
chr21	40177875	40177881	2
chr21	40177887	40177888	1
chr21	40177907	40177969	1
chr21	40177972	40177972	1
chr21	40177974	40177974	2
chr21	40177979	40178024	17
chr21	40178034	40178038	1
chr21	40178059	40178069	3
chr21	40178073	40178105	1
chr21	40178116	40178116	1
chr21	40178124	40178140	3
chr21	40178149	40178288	16
chr21	40178299	40178314	4
chr21	40178321	40178353	11
chr21	40178357	40178417	5
chr21	40178420	40178420	2
chr21	40178432	40178432	2
chr21	40178434	40178465	5
chr21	40178478	40178478	1
chr21	40178484	40178484	2
chr21	40178535	40178563	2
chr21	40178575	40178604	3
chr21	40178620	40178620	1
chr21	40194799	40194799	2
chr21	40194817	40194817	1
chr21	40199065	40199065	1
chr21	40239308	40239308	1
chr21	40529212	40529212	2
chr21	40555167	40555277	20
chr21	40555300	40555300	1
chr21	40555306	40555327	6
chr21	40555724	40555835	17
chr21	40555841	40555890	12
chr21	40618726	40618726	1
chr21	40720584	40720584	1
chr21	40720589	40720589	2
chr21	40720600	40720601	1
chr21	40720611	40720612	1
chr21	40720643	40720643	2
chr21	40720683	40720687	1
chr21	40720706	40720706	1
chr21	40720808	40720809	1
chr21	40720814	40720816	2
chr21	40720844	40720845	1
chr21	40720850	40720864	6
chr21	40720894	40720894	1
chr21	40720905	40720969	20
chr21	40720973	40720999	4
chr21	40721090	40721103	1
chr21	40721208	40721224	2
chr21	40721227	40721227	1
chr21	40721232	40721288	12
chr21	40721302	40721326	9
chr21	40721339	40721354	6
chr21	40721356	40721356	2
chr21	40721391	40721427	2
chr21	40763218	40763218	1
chr21	40768410	40768410	2
chr21	40775345	40775345	1
chr21	40775491	40775491	2
chr21	40775915	40775915	1
chr21	40796042	40796042	2
chr21	40817365	40817417	4
chr21	40817627	40817630	2
chr21	40817639	40817657	4
chr21	40817659	40817659	2
chr21	40817671	40817697	12
chr21	40817699	40817699	2
chr21	40817717	40817718	1
chr21	40817720	40817737	2
chr21	40817741	40817748	1
chr21	40817763	40817769	1
chr21	40817794	40817794	1
chr21	40817835	40817835	1
chr21	40817875	40817914	5
chr21	41257706	41257706	1
chr21	41277830	41277830	1
chr21	41455038	41455039	1
chr21	41488801	41488801	1
chr21	41488829	41488830	1
chr21	41516394	41516394	1
chr21	41711243	41711243	2
chr21	41726583	41726583	1
chr21	41853897	41853897	1
chr21	41892518	41892518	2
chr21	41908351	41908351	1
chr21	41911169	41911169	1
chr21	41911214	41911214	2
chr21	41911278	41911278	1
chr21	41931309	41931309	1
chr21	41949502	41949502	1
chr21	41988681	41988681	1
chr21	42190341	42190341	2
chr21	42194137	42194137	1
chr21	42732689	42732690	1
chr21	42845319	42845319	1
chr21	42867452	42867452	1
chr21	42879400	42879400	1
chr21	42879902	42879902	2
chr21	42880673	42880673	1
chr21	42932634	42932634	1
chr21	43048187	43048187	2
chr21	43054399	43054399	1
chr21	43080340	43080340	1
chr21	43092067	43092067	2
chr21	43104285	43104285	1
chr21	43148453	43148453	2
chr21	43157351	43157351	1
chr21	43299841	43299841	2
chr21	43317225	43317225	1
chr21	43328023	43328023	1
chr21	43430399	43430399	2
chr21	43431063	43431063	1
chr21	43639068	43639068	2
chr21	43639335	43639335	1
chr21	43639828	43639832	2
chr21	43640054	43640054	1
chr21	43640067	43640068	1
chr21	43640085	43640085	1
chr21	43642209	43642209	1
chr21	43655081	43655081	2
chr21	43664221	43664221	1
chr21	43685889	43685889	1
chr21	43689938	43689938	1
chr21	43701565	43701565	1
chr21	43721322	43721322	2
chr21	43735413	43735413	2
chr21	43741607	43741607	2
chr21	43766783	43766783	1
chr21	43767590	43767590	2
chr21	43767934	43767934	1
chr21	43786309	43786309	1
chr21	43791747	43791747	1
chr21	43799952	43799952	1
chr21	43820023	43820023	1
chr21	43863844	43863844	1
chr21	43896585	43896585	1
chr21	43916479	43916479	2
chr21	44078744	44078744	1
chr21	44089156	44089156	1
chr21	44103193	44103193	1
chr21	44314186	44314186	2
chr21	44316677	44316677	1
chr21	44345331	44345331	2
chr21	44379811	44379811	1
chr21	44597085	44597085	1
chr21	44597270	44597271	1
chr21	44597283	44597283	2
chr21	44608433	44608433	1
chr21	44608455	44608455	2
chr21	44630214	44630214	2
chr21	44631552	44631552	1
chr21	44688904	44688904	1
chr21	44691193	44691193	2
chr21	44694265	44694265	1
chr21	44697495	44697495	1
chr21	44712387	44712387	1
chr21	44736044	44736044	1
chr21	44739796	44739796	1
chr21	44749320	44749320	2
chr21	44749396	44749396	2
chr21	44753262	44753262	1
chr21	44753991	44753991	1
chr21	44765697	44765697	2
chr21	44766856	44766856	1
chr21	44768273	44768273	1
chr21	44768479	44768479	2
chr21	44783408	44783408	1
chr21	44783717	44783717	1
chr21	44784276	44784276	1
chr21	44792982	44792982	2
chr21	44793745	44793745	1
chr21	44801059	44801059	1
chr21	44803697	44803697	1
chr21	44807374	44807374	1
chr21	44819100	44819100	1
chr21	44820125	44820125	2
chr21	44829078	44829078	2
chr21	44829208	44829208	1
chr21	44829461	44829461	1
chr21	44829674	44829674	2
chr21	44845927	44845927	2
chr21	44846671	44846671	2
chr21	44847609	44847609	2
chr21	44866737	44866737	1
chr21	44871702	44871702	1
chr21	44876362	44876362	1
chr21	44899470	44899470	2
chr21	45080215	45080215	1
chr21	45148529	45148529	1
chr21	45155166	45155166	1
chr21	45170329	45170329	2
chr21	45175528	45175528	2
chr21	45175615	45175615	2
chr21	45179688	45179688	2
chr21	45196071	45196071	1
chr21	45209406	45209406	1
chr21	45209452	45209476	1
chr21	45229479	45229479	2
chr21	45231917	45231917	1
chr21	45232113	45232113	2
chr21	45232260	45232260	1
chr21	45239775	45239775	2
chr21	45240815	45240815	1
chr21	45240867	45240867	1
chr21	45242151	45242151	1
chr21	45244321	45244321	1
chr21	45245882	45245882	1
chr21	45250420	45250420	1
chr21	45259021	45259021	1
chr21	45284317	45284317	1
chr21	45284367	45284367	1
chr21	45284463	45284463	1
chr21	45284872	45284872	1
chr21	45285045	45285045	2
chr21	45285181	45285181	1
chr21	45285184	45285184	1
chr21	45285411	45285412	1
chr21	45293017	45293017	1
chr21	45325360	45325360	1
chr21	45336965	45336965	1
chr21	45359474	45359474	2
chr21	45405918	45405918	1
chr21	45527656	45527656	2
chr21	45533449	45533449	1
chr21	45540325	45540325	2
chr21	45540355	45540355	2
chr21	45553089	45553109	1
chr21	45553123	45553123	1
chr21	45553217	45553226	1
chr21	45553249	45553256	1
chr21	45560813	45560813	1
chr21	45565952	45565952	2
chr21	45577803	45577803	1
chr21	45591274	45591274	1
chr21	45598338	45598338	1
chr21	45614771	45614771	1
chr21	45620057	45620057	1
chr21	45636560	45636560	1
chr21	45636832	45636832	1
chr21	45643052	45643052	1
chr21	45648258	45648258	1
chr21	45649097	45649097	2
chr21	45649170	45649170	2
chr21	45654345	45654345	1
chr21	45660518	45660518	1
chr21	45660598	45660598	1
chr21	45660633	45660638	1
chr21	45660669	45660680	1
chr21	45661139	45661139	1
chr21	45661143	45661143	2
chr21	45661161	45661176	1
chr21	45661183	45661183	1
chr21	45661189	45661189	2
chr21	45661200	45661200	2
chr21	45661203	45661203	2
chr21	45662113	45662134	2
chr21	45662144	45662144	1
chr21	45662167	45662167	1
chr21	45662172	45662172	2
chr21	45662190	45662190	2
chr21	45662262	45662262	1
chr21	45662457	45662461	1
chr21	45662911	45662911	1
chr21	45662929	45662941	3
chr21	45677336	45677336	1
chr21	45681784	45681784	2
chr21	45691456	45691456	2
chr21	45698165	45698165	1
chr21	45699751	45699751	1
chr21	45705878	45705878	1
chr21	45705881	45705894	1
chr21	45705903	45705903	2
chr21	45705907	45705911	1
chr21	45708550	45708550	2
chr21	45711524	45711524	1
chr21	45712994	45712994	1
chr21	45715196	45715196	1
chr21	45717056	45717056	2
chr21	45719995	45719995	1
chr21	45720017	45720017	1
chr21	45720100	45720100	2
chr21	45720118	45720119	1
chr21	45720125	45720125	2
chr21	45720283	45720283	2
chr21	45748207	45748207	1
chr21	45770472	45770472	2
chr21	45790283	45790283	2
chr21	45811354	45811354	1
chr21	45866030	45866030	1
chr21	45869854	45869854	2
chr21	45875224	45875232	1
chr21	45875803	45875803	1
chr21	45905509	45905509	1
chr21	45926687	45926687	1
chr21	45930528	45930528	1
chr21	45930662	45930662	1
chr21	45945892	45945892	1
chr21	46012778	46012778	2
chr21	46013865	46013865	1
chr21	46048086	46048086	1
chr21	46054983	46054983	1
chr21	46054988	46054988	2
chr21	46078930	46078930	2
chr21	46107420	46107420	1
chr21	46143492	46143492	1
chr21	46143498	46143518	2
chr21	46143520	46143520	2
chr21	46143530	46143530	1
chr21	46143556	46143563	2
chr21	46143567	46143567	2
chr21	46145595	46145595	1
chr21	46149403	46149403	1
chr21	46221395	46221464	12
chr21	46221471	46221483	6
chr21	46221516	46221516	1
chr21	46222183	46222238	3
chr21	46222300	46222300	2
chr21	46222337	46222338	1
chr21	46238433	46238433	2
chr21	46238671	46238671	2
chr21	46359750	46359768	4
chr21	46359789	46359824	10
chr21	46359826	46359833	1
chr21	46359841	46359847	3
chr21	46359996	46360038	4
chr21	46360322	46360370	3
chr21	46360394	46360394	1
chr21	46400686	46400686	2
chr21	46402955	46402955	1
chr21	46403022	46403022	1
chr21	46403427	46403427	1
chr21	46404919	46404919	2
chr21	46404938	46404938	2
chr21	46406866	46406866	1
chr21	46410953	46410953	2
chr21	46411015	46411015	2
chr21	46420583	46420583	2
chr21	46438312	46438313	1
chr21	46438672	46438672	2
chr21	46452653	46452653	1
chr21	46453493	46453493	2
chr21	46484851	46484851	1
chr21	46494288	46494288	1
chr21	46494292	46494324	12
chr21	46494327	46494390	12
chr21	46494392	46494433	14
chr21	46494441	46494441	1
chr21	46494482	46494482	1
chr21	46494499	46494516	3
chr21	46494528	46494543	4
chr21	46494563	46494563	1
chr21	46494575	46494580	1
chr21	46494598	46494598	1
chr21	46494606	46494642	6
chr21	46494652	46494668	3
chr21	46494672	46494747	16
chr21	46494834	46494835	1
chr21	46494842	46494856	6
chr21	46494867	46494896	5
chr21	46494900	46494900	1
chr21	46494910	46494939	1
chr21	46494944	46494978	13
chr21	46494993	46494993	2
chr21	46494998	46494998	2
chr21	46495002	46495033	8
chr21	46495045	46495104	10
chr21	46495112	46495113	1
chr21	46495170	46495230	5
chr21	46513274	46513274	1
chr21	46678529	46678529	1
chr21	46682864	46682864	1
chr21	46715615	46715615	1
chr21	46739049	46739049	2
chr21	46748844	46748856	1
chr21	46750466	46750466	2
chr21	46768067	46768067	2
chr21	46772721	46772721	2
chr21	46778416	46778416	1
chr21	46783487	46783487	1
chr21	46783712	46783712	1
chr21	46784417	46784417	2
chr21	46784940	46784940	1
chr21	46806681	46806681	1
chr21	46824711	46824711	1
chr21	46824796	46824796	2
chr21	46824809	46824809	1
chr21	46824845	46824846	1
chr21	46825062	46825062	1
chr21	46825065	46825065	1
chr21	46825076	46825077	1
chr21	46825080	46825080	2
chr21	46825089	46825089	2
chr21	46825099	46825102	2
chr21	46825119	46825119	1
chr21	46825122	46825122	2
chr21	46825154	46825154	2
chr21	46825206	46825206	1
chr21	46825213	46825213	1
chr21	46825223	46825223	2
chr21	46825232	46825232	2
chr21	46825699	46825699	1
chr21	46825716	46825718	1
chr21	46825731	46825731	1
chr21	46825753	46825753	1
chr21	46825774	46825774	2
chr21	46825785	46825785	1
chr21	46825794	46825794	2
chr21	46825796	46825796	2
chr21	46825841	46825841	2
chr21	46825897	46825897	1
chr21	46825909	46825909	2
chr21	46825938	46825938	2
chr21	46825944	46825944	1
chr21	46825973	46825973	1
chr21	46825982	46825982	2
chr21	46826006	46826006	2
chr21	46826018	46826018	1
chr21	46829891	46829891	2
chr21	46830007	46830018	2
chr21	46844883	46844884	1
chr21	46847401	46847401	1
chr21	46847448	46847448	1
chr21	46848157	46848157	1
chr21	46876442	46876477	1
chr21	46876581	46876581	2
chr21	46876680	46876680	1
chr21	46876716	46876716	1
chr21	46910115	46910124	1
chr21	46914928	46914928	2
chr21	46923876	46923876	1
chr21	46924018	46924018	1
chr21	46927391	46927391	1
chr21	46935970	46935970	2
chr21	46953762	46953762	1
chr21	46962343	46962343	1
chr21	46974883	46974883	1
chr21	46982435	46982435	1
chr21	46994046	46994046	2
chr21	47001159	47001159	1
chr21	47001312	47001312	1
chr21	47001419	47001419	1
chr21	47010337	47010337	2
chr21	47010384	47010384	1
chr21	47019125	47019125	1
chr21	47025207	47025207	1
chr21	47029684	47029684	1
chr21	47035866	47035866	1
chr21	47049424	47049424	2
chr21	47049435	47049435	1
chr21	47062340	47062340	2
chr21	47062654	47062654	1
chr21	47062698	47062702	1
chr21	47063362	47063362	1
chr21	47063620	47063620	1
chr21	47063657	47063657	1
chr21	47063827	47063827	2
chr21	47063852	47063852	2
chr21	47063859	47063859	2
chr21	47063986	47063986	1
chr21	47238084	47238084	2
chr21	47326552	47326552	1
chr21	47361510	47361510	1
chr21	47363369	47363369	2
chr21	47368560	47368560	1
chr21	47393122	47393129	1
chr21	47393135	47393136	1
chr21	47393176	47393176	2
chr21	47393195	47393195	2
chr21	47393245	47393245	1
chr21	47394311	47394311	1
chr21	47412249	47412249	1
chr21	47414069	47414069	2
chr21	47414372	47414372	1
chr21	47416439	47416439	1
chr21	47419052	47419052	2
chr21	47427217	47427217	2
chr21	47503439	47503439	2
chr21	47517793	47517793	2
chr21	47518917	47518917	1
chr21	47540982	47540982	2
chr21	47541631	47541631	1
chr21	47546521	47546521	2
chr21	47579946	47579946	2
chr21	47648430	47648430	1
chr21	47648440	47648441	1
chr21	47648457	47648468	5
chr21	47648479	47648506	7
chr21	47648526	47648722	9
chr21	47648732	47648741	2
chr21	47648751	47648759	1
chr21	47648768	47648802	13
chr21	47648823	47648848	7
chr21	47648850	47648853	1
chr21	47648862	47648862	1
chr21	47649157	47649163	1
chr21	47649170	47649170	1
chr21	47649220	47649246	3
chr21	47649273	47649280	1
chr21	47649303	47649381	12
chr21	47649392	47649428	8
chr21	47649434	47649434	1
chr21	47649438	47649441	1
chr21	47685951	47685951	2
chr21	47705696	47705696	1
chr21	47717306	47717306	1
chr21	47717339	47717339	1
chr21	47717347	47717389	2
chr21	47717483	47717493	1
chr21	47717525	47717525	1
chr21	47717575	47717577	1
chr21	47717609	47717610	1
chr21	47717666	47717666	1
chr21	47717708	47717709	1
chr21	47717721	47717729	2
chr21	47717750	47717750	2
chr21	47717762	47717762	1
chr21	47717778	47717782	2
chr21	47717789	47717790	1
chr21	47742983	47742983	1
chr21	47744164	47744164	1
chr21	9540373	9540373	2
chr21	9664671	9664671	1
chr21	9704431	9704431	1
chr21	9709088	9709088	2
chr21	9709100	9709100	2
chr21	9709133	9709133	2
chr21	9709150	9709174	4
chr21	9709188	9709188	1
chr21	9909575	9909576	1
chr21	9909602	9909602	2
chr21	9926563	9926563	1
chr21	9926601	9926602	1
chr21	9926627	9926672	3
chr21	9926685	9926685	2
chr21	9926693	9926694	1
chr21	9926742	9926887	10
chr21	9926895	9926928	1
chr21	9926990	9926990	1
chr21	9927045	9927065	2
chr21	9968708	9968708	2
chr21	10597960	10597960	1
chr21	10598205	10598205	1
chr21	10598317	10598317	2
chr21	10772711	10772711	1
chr21	10885062	10885062	1
chr21	10891704	10891704	1
chr21	10891839	10891839	2
chr21	10990167	10990178	1
chr21	10990557	10990557	2
chr21	10990644	10990660	1
chr21	10990683	10990683	2
chr21	11012041	11012041	1
chr21	11099250	11099255	1
chr21	11106788	11106789	1
chr21	11106799	11106799	1
chr21	11106863	11106863	1
chr21	11106877	11106877	1
chr21	11106887	11106904	2
chr21	11116785	11116785	1
chr21	11135490	11135490	1
chr21	11169151	11169151	1
chr21	14568846	14568846	1
chr21	14569091	14569091	2
chr21	14744733	14744733	2
chr21	14751479	14751479	2
chr21	14855059	14855059	1
chr21	15086217	15086217	2
chr21	15308344	15308413	3
chr21	15308422	15308422	2
chr21	15308486	15308486	1
chr21	15308845	15308866	1
chr21	15308877	15308877	1
chr21	15336130	15336130	1
chr21	15353751	15353751	2
chr21	15399325	15399325	1
chr21	15436221	15436221	2
chr21	15436245	15436246	1
chr21	15436261	15436261	2
chr21	15436342	15436342	1
chr21	15436349	15436361	5
chr21	15436365	15436371	1
chr21	15436390	15436390	1
chr21	15436412	15436412	1
chr21	15436420	15436420	2
chr21	15436733	15436764	3
chr21	15436780	15436780	1
chr21	15436785	15436785	1
chr21	15436809	15436809	2
chr21	15436853	15436854	1
chr21	15755263	15755263	1
chr21	15755278	15755278	1
chr21	15755385	15755385	2
chr21	15755538	15755538	1
chr21	15869853	15869853	2
chr21	16192229	16192229	1
chr21	16591855	16591855	1
chr21	16639595	16639595	1
chr21	16686849	16686849	1
chr21	16686940	16686944	1
chr21	17102252	17102252	2
chr21	17671653	17671653	1
chr21	17725645	17725645	1
chr21	17729517	17729517	1
chr21	17930418	17930418	1
chr21	18032647	18032647	1
chr21	18665294	18665294	1
chr21	18826054	18826054	1
chr21	18826252	18826252	1
chr21	18826284	18826284	2
chr21	18853279	18853279	1
chr21	18882679	18882679	1
chr21	18882955	18882955	2
chr21	19692042	19692042	1
chr21	19693762	19693762	1
chr21	20393875	20393875	2
chr21	21390958	21390958	1
chr21	21477477	21477477	1
chr21	21552338	21552338	1
chr21	21798304	21798304	1
chr21	21815357	21815357	2
chr21	22013056	22013056	1
chr21	22106427	22106427	2
chr21	22173785	22173785	2
chr21	22274115	22274115	1
chr21	22362694	22362694	1
chr21	22362727	22362727	1
chr21	22370452	22370452	2
chr21	22370684	22370684	2
chr21	22370930	22370930	1
chr21	22493161	22493161	1
chr21	22493323	22493323	1
chr21	22629995	22629995	1
chr21	22854208	22854208	1
chr21	23226203	23226203	1
chr21	23257424	23257424	2
chr21	23274814	23274814	1
chr21	23274961	23274961	2
chr21	23275816	23275816	2
chr21	23328175	23328175	1
chr21	23582239	23582239	1
chr21	23778472	23778472	1
chr21	23778571	23778571	2
chr21	23800350	23800350	1
chr21	23833242	23833252	1
chr21	23883111	23883111	1
chr21	23934429	23934429	1
chr21	23940377	23940377	2
chr21	23956427	23956427	2
chr21	24393850	24393850	2
chr21	24401711	24401748	1
chr21	24437034	24437034	1
chr21	24459526	24459526	1
chr21	24464309	24464309	2
chr21	24474244	24474244	2
chr21	24716604	24716604	1
chr21	24737344	24737344	1
chr21	24793195	24793195	2
chr21	24829174	24829174	2
chr21	24928710	24928710	1
chr21	25008590	25008590	1
chr21	25106772	25106772	2
chr21	25179392	25179392	1
chr21	25179411	25179411	1
chr21	25179434	25179434	2
chr21	25229787	25229787	1
chr21	25229806	25229806	2
chr21	25229854	25229854	1
chr21	25234028	25234028	1
chr21	25277338	25277338	1
chr21	25295049	25295049	1
chr21	25320535	25320535	2
chr21	25337178	25337178	1
chr21	25512928	25512928	1
chr21	25964205	25964205	1
chr21	26139945	26139945	1
chr21	26278246	26278246	1
chr21	26388651	26388651	1
chr21	26734249	26734249	2
chr21	27011854	27011854	2
chr21	27071800	27071800	1
chr21	27691604	27691604	2
chr21	30372606	30372606	1
chr21	30375065	30375065	1
chr21	30721232	30721232	2
chr21	30938005	30938005	1
chr21	31079425	31079425	1
chr21	32931210	32931210	1
chr21	32966361	32966361	2
chr21	33245908	33245908	1
chr21	33288609	33288609	2
chr21	33416627	33416627	1
chr21	33446470	33446470	1
chr21	33506500	33506500	1
chr21	33608611	33608611	1
chr21	33637708	33637708	1
chr21	33678483	33678525	1
chr21	33687296	33687296	2
chr21	33688886	33688886	1
chr21	33697000	33697000	2
chr21	33697084	33697084	1
chr21	33706596	33706596	1
chr21	33765123	33765123	1
chr21	33968316	33968393	1
chr21	33982636	33982636	1
chr21	34424449	34424449	2
chr21	34482123	34482123	1
chr21	34501856	34501856	1
chr21	35026075	35026075	2
chr21	35178246	35178246	2
chr21	35219644	35219644	2
chr21	35329122	35329122	1
chr21	35343351	35343351	1
chr21	36042000	36042000	2
chr21	36164207	36164214	1
chr21	36164230	36164238	5
chr21	36164267	36164298	6
chr21	36164535	36164535	1
chr21	36164563	36164564	1
chr21	36164611	36164612	1
chr21	36164645	36164645	1
chr21	36164675	36164690	2
chr21	36164708	36164708	1
chr21	36164711	36164711	1
chr21	36578714	36578714	1
chr21	36926835	36926835	1
chr21	37529704	37529704	1
chr21	37529767	37529767	2
chr21	37559057	37559057	2
chr21	37691787	37691787	2
chr21	37756188	37756188	1
chr21	37757498	37757498	2
chr21	37760413	37760413	2
chr21	37771630	37771630	1
chr21	38065813	38065813	1
chr21	38080330	38080330	2
chr21	38143438	38143438	2
chr21	38330354	38330354	1
chr21	38338778	38338778	1
chr21	38339335	38339335	1
chr21	38638311	38638311	1
chr21	38638321	38638363	2
chr21	38638367	38638376	3
chr21	38638380	38638380	2
chr21	38740456	38740456	2
chr21	39814375	39814375	1
chr21	39949459	39949459	1
chr21	40033630	40033630	2
chr21	40194679	40194679	2
chr21	40796041	40796041	1
chr21	40813051	40813051	1
chr21	40857856	40857856	1
chr21	40868289	40868289	1
chr21	40873968	40873968	2
chr21	40984544	40984544	1
chr21	40984821	40984821	2
chr21	41238517	41238517	1
chr21	41238576	41238576	1
chr21	41296668	41296668	1
chr21	41515650	41515650	1
chr21	41641422	41641422	1
chr21	41654296	41654296	1
chr21	41711192	41711192	1
chr21	41726584	41726584	2
chr21	41758390	41758390	1
chr21	41883657	41883657	2
chr21	41883779	41883779	1
chr21	41908397	41908397	1
chr21	41908429	41908429	1
chr21	41911279	41911279	2
chr21	42077922	42077922	1
chr21	42190340	42190340	1
chr21	42194034	42194034	1
chr21	42751706	42751727	1
chr21	42798005	42798005	2
chr21	42813571	42813571	1
chr21	42823396	42823396	2
chr21	42845314	42845314	2
chr21	42879353	42879353	1
chr21	42879778	42879778	2
chr21	42879887	42879888	1
chr21	42879901	42879901	1
chr21	42880090	42880090	1
chr21	42880180	42880180	1
chr21	42880674	42880674	2
chr21	42896455	42896455	1
chr21	42919629	42919629	1
chr21	43022903	43022903	1
chr21	43026036	43026036	2
chr21	43104163	43104163	2
chr21	43109561	43109580	2
chr21	43146133	43146133	2
chr21	43148480	43148480	1
chr21	43236379	43236379	1
chr21	43236432	43236447	2
chr21	43236457	43236462	2
chr21	43299595	43299595	2
chr21	43431071	43431071	2
chr21	43530856	43530856	2
chr21	43655095	43655095	1
chr21	43689840	43689840	1
chr21	43690142	43690142	2
chr21	43691254	43691254	2
chr21	43705933	43705933	1
chr21	43714285	43714285	1
chr21	43714579	43714579	2
chr21	43721690	43721690	1
chr21	43726170	43726170	1
chr21	43730826	43730826	2
chr21	43767894	43767894	1
chr21	43771206	43771206	2
chr21	43833306	43833307	1
chr21	43859182	43859183	1
chr21	43867496	43867496	1
chr21	43896966	43896966	1
chr21	43916494	43916494	1
chr21	44078691	44078691	1
chr21	44089277	44089277	2
chr21	44089916	44089916	1
chr21	44100507	44100507	1
chr21	44106499	44106513	1
chr21	44106523	44106539	3
chr21	44106546	44106598	4
chr21	44106647	44106647	1
chr21	44112816	44112816	1
chr21	44289886	44289886	2
chr21	44300562	44300568	2
chr21	44313163	44313163	1
chr21	44342647	44342647	1
chr21	44345330	44345330	1
chr21	44477848	44477916	4
chr21	44562049	44562049	1
chr21	44573687	44573687	1
chr21	44592723	44592723	2
chr21	44593012	44593012	1
chr21	44630234	44630234	1
chr21	44691866	44691866	1
chr21	44694424	44694424	1
chr21	44699598	44699598	1
chr21	44699667	44699667	1
chr21	44725089	44725089	2
chr21	44776261	44776261	1
chr21	44783781	44783781	1
chr21	44799414	44799414	1
chr21	44801095	44801095	1
chr21	44803663	44803663	1
chr21	44803745	44803745	1
chr21	44817433	44817433	2
chr21	44820076	44820076	1
chr21	44829077	44829077	1
chr21	44832440	44832440	2
chr21	44840137	44840163	3
chr21	44840215	44840215	1
chr21	44840400	44840400	2
chr21	44840442	44840442	2
chr21	44847608	44847608	2
chr21	44865433	44865433	2
chr21	44865475	44865475	2
chr21	44865527	44865551	2
chr21	44865625	44865625	2
chr21	44865630	44865637	1
chr21	44869945	44869945	2
chr21	44870458	44870458	2
chr21	44870515	44870515	1
chr21	44872245	44872245	1
chr21	44904711	44904711	1
chr21	45077843	45077843	2
chr21	45079701	45079701	1
chr21	45175483	45175483	2
chr21	45175649	45175649	1
chr21	45209449	45209449	1
chr21	45229478	45229478	1
chr21	45229603	45229603	1
chr21	45229658	45229658	2
chr21	45230859	45230859	2
chr21	45234937	45234937	1
chr21	45250417	45250417	2
chr21	45255247	45255247	2
chr21	45276860	45276860	1
chr21	45284166	45284166	1
chr21	45284173	45284173	1
chr21	45284206	45284207	1
chr21	45284768	45284768	2
chr21	45285146	45285146	1
chr21	45293193	45293193	1
chr21	45311252	45311252	1
chr21	45329547	45329547	1
chr21	45363599	45363599	1
chr21	45363618	45363633	4
chr21	45363635	45363657	2
chr21	45387089	45387089	1
chr21	45559533	45559533	1
chr21	45559768	45559768	2
chr21	45563186	45563186	1
chr21	45577833	45577833	1
chr21	45586005	45586005	1
chr21	45593801	45593801	1
chr21	45617168	45617168	2
chr21	45617213	45617213	2
chr21	45619355	45619355	1
chr21	45620021	45620021	1
chr21	45622932	45622932	1
chr21	45626809	45626809	1
chr21	45626861	45626861	2
chr21	45627147	45627147	1
chr21	45627164	45627164	1
chr21	45636565	45636565	2
chr21	45636609	45636609	1
chr21	45642102	45642102	1
chr21	45643053	45643053	2
chr21	45647849	45647849	2
chr21	45653984	45653984	2
chr21	45660357	45660357	2
chr21	45674266	45674266	1
chr21	45677119	45677119	2
chr21	45688001	45688001	2
chr21	45691258	45691258	2
chr21	45707235	45707235	1
chr21	45713015	45713015	1
chr21	45714317	45714317	1
chr21	45768848	45768848	1
chr21	45817303	45817303	1
chr21	45822742	45822742	2
chr21	45838404	45838404	1
chr21	45845273	45845273	1
chr21	45845280	45845286	1
chr21	45855165	45855165	1
chr21	45875380	45875380	2
chr21	45875443	45875443	1
chr21	45875830	45875830	1
chr21	45876617	45876617	1
chr21	45883729	45883730	1
chr21	45887321	45887321	1
chr21	45923348	45923348	2
chr21	45924185	45924185	2
chr21	45926819	45926819	1
chr21	45935284	45935284	1
chr21	45942480	45942480	1
chr21	45958667	45958667	1
chr21	45959194	45959194	1
chr21	45969978	45969984	1
chr21	45975999	45976013	1
chr21	45976940	45976940	2
chr21	46012608	46012608	2
chr21	46012654	46012654	1
chr21	46059563	46059584	2
chr21	46072142	46072142	1
chr21	46072282	46072282	2
chr21	46078729	46078729	1
chr21	46107332	46107332	1
chr21	46108503	46108503	1
chr21	46118719	46118719	1
chr21	46118913	46118913	1
chr21	46123381	46123381	1
chr21	46237677	46237677	1
chr21	46238009	46238009	1
chr21	46264027	46264027	1
chr21	46306562	46306562	1
chr21	46306573	46306640	11
chr21	46320018	46320018	1
chr21	46321399	46321399	2
chr21	46351786	46351786	1
chr21	46369186	46369186	1
chr21	46369253	46369407	9
chr21	46392244	46392252	1
chr21	46396098	46396098	1
chr21	46397435	46397435	2
chr21	46402900	46402900	1
chr21	46403060	46403060	1
chr21	46404945	46404945	1
chr21	46406899	46406899	1
chr21	46410080	46410080	1
chr21	46411986	46411986	1
chr21	46419816	46419816	2
chr21	46420582	46420582	1
chr21	46423935	46423935	1
chr21	46433416	46433416	2
chr21	46438293	46438294	1
chr21	46452798	46452798	1
chr21	46453392	46453392	2
chr21	46460780	46460780	1
chr21	46475263	46475263	1
chr21	46484840	46484841	1
chr21	46554041	46554041	2
chr21	46554057	46554057	1
chr21	46554072	46554072	1
chr21	46554106	46554106	1
chr21	46554110	46554110	1
chr21	46554128	46554128	2
chr21	46554264	46554264	2
chr21	46554270	46554271	1
chr21	46554285	46554285	2
chr21	46554300	46554303	1
chr21	46554320	46554321	1
chr21	46554336	46554336	2
chr21	46554388	46554388	1
chr21	46554393	46554393	1
chr21	46643679	46643679	1
chr21	46650037	46650037	2
chr21	46655197	46655197	1
chr21	46668296	46668296	1
chr21	46722034	46722034	2
chr21	46755452	46755452	1
chr21	46768116	46768116	1
chr21	46769022	46769022	1
chr21	46772610	46772610	1
chr21	46777802	46777803	1
chr21	46777936	46777936	1
chr21	46778195	46778195	1
chr21	46778417	46778417	2
chr21	46783734	46783734	2
chr21	46799786	46799786	1
chr21	46806707	46806707	1
chr21	46810198	46810198	1
chr21	46835879	46835879	2
chr21	46838139	46838139	1
chr21	46838495	46838495	1
chr21	46839983	46839983	1
chr21	46845157	46845157	1
chr21	46848144	46848144	1
chr21	46870959	46870959	2
chr21	46871066	46871066	2
chr21	46876788	46876788	2
chr21	46879397	46879397	1
chr21	46888390	46888390	1
chr21	46890077	46890084	1
chr21	46892160	46892160	1
chr21	46897358	46897358	1
chr21	46909332	46909332	2
chr21	46912546	46912546	2
chr21	46912582	46912582	1
chr21	46912605	46912605	1
chr21	46913649	46913660	2
chr21	46913663	46913672	3
chr21	46925286	46925363	1
chr21	46929851	46929853	1
chr21	46929878	46929878	1
chr21	46936039	46936039	1
chr21	46945878	46945878	1
chr21	46951003	46951003	1
chr21	46951017	46951018	1
chr21	46951134	46951134	1
chr21	46951206	46951223	3
chr21	46951238	46951247	2
chr21	46951269	46951282	2
chr21	46951298	46951298	1
chr21	46951311	46951311	2
chr21	46951329	46951329	2
chr21	46951344	46951346	2
chr21	46951372	46951372	1
chr21	46951390	46951415	2
chr21	46951602	46951609	3
chr21	46951611	46951748	17
chr21	46951763	46951763	2
chr21	46951776	46951776	2
chr21	46951781	46951810	10
chr21	46951812	46951813	1
chr21	46951818	46951854	6
chr21	46951856	46951857	1
chr21	46951859	46951943	10
chr21	46951974	46951974	1
chr21	46952006	46952006	1
chr21	46952043	46952043	2
chr21	46955498	46955498	2
chr21	46955936	46955948	1
chr21	46956000	46956000	1
chr21	46956415	46956440	1
chr21	46956625	46956657	1
chr21	46956685	46956685	1
chr21	46973158	46973158	2
chr21	46974473	46974473	1
chr21	46974546	46974546	1
chr21	46977688	46977688	1
chr21	46994171	46994186	1
chr21	46994201	46994201	2
chr21	46995703	46995703	1
chr21	46999899	46999899	1
chr21	47001153	47001153	1
chr21	47001411	47001411	1
chr21	47049493	47049493	1
chr21	47061141	47061141	1
chr21	47230903	47230903	1
chr21	47242128	47242128	1
chr21	47255321	47255321	1
chr21	47285681	47285681	1
chr21	47290402	47290402	1
chr21	47326553	47326553	2
chr21	47328584	47328584	1
chr21	47334244	47334250	3
chr21	47334282	47334282	1
chr21	47334372	47334419	3
chr21	47344064	47344064	1
chr21	47348082	47348082	1
chr21	47350024	47350024	1
chr21	47361590	47361590	1
chr21	47403347	47403347	1
chr21	47409095	47409095	1
chr21	47409102	47409103	1
chr21	47409124	47409124	2
chr21	47409238	47409238	1
chr21	47409812	47409820	2
chr21	47412250	47412250	2
chr21	47413422	47413422	2
chr21	47430757	47430757	1
chr21	47430779	47430779	1
chr21	47430840	47430840	1
chr21	47457576	47457580	2
chr21	47457602	47457605	2
chr21	47503438	47503438	2
chr21	47513222	47513222	2
chr21	47532120	47532120	1
chr21	47532162	47532162	1
chr21	47532180	47532188	4
chr21	47532213	47532246	4
chr21	47532276	47532276	2
chr21	47532655	47532655	1
chr21	47532732	47532732	1
chr21	47540884	47540884	2
chr21	47545224	47545224	1
chr21	47545275	47545275	1
chr21	47545347	47545347	2
chr21	47549314	47549314	2
chr21	47550389	47550389	1
chr21	47551964	47551964	2
chr21	47558388	47558388	1
chr21	47565607	47565607	1
chr21	47565622	47565634	5
chr21	47565683	47565683	2
chr21	47565703	47565726	4
chr21	47565743	47565747	2
chr21	47565757	47565757	2
chr21	47565767	47565767	1
chr21	47565781	47565800	2
chr21	47565807	47565807	2
chr21	47565842	47565845	3
chr21	47565876	47565877	1
chr21	47565885	47565885	2
chr21	47565923	47565959	4
chr21	47566043	47566051	3
chr21	47566059	47566089	3
chr21	47566113	47566113	1
chr21	47566119	47566119	2
chr21	47566128	47566128	2
chr21	47570924	47570924	2
chr21	47571234	47571234	1
chr21	47579945	47579945	1
chr21	47581884	47581884	2
chr21	47643795	47643795	2
chr21	47700920	47700920	2
chr21	47705781	47705790	1
chr21	47713631	47713631	1
chr21	47716551	47716551	1
chr21	47766277	47766359	1
chr21	47793890	47793890	2
chr21	47809956	47809977	1
chr21	47833196	47833197	1
chr21	47833227	47833227	1
chr21	47918596	47918596	1
chr21	48081666	48081666	1
chr21	48081724	48081736	2
chr21	48081763	48081784	2
