chr21	9708982	9709187	27
chr21	9926563	9926827	39
chr21	9926882	9927095	14
chr21	10201250	10201296	2
chr21	10428163	10428352	0
chr21	10889474	10889575	1
chr21	10922634	10922791	0
chr21	11012028	11012096	4
chr21	11017304	11017438	3
chr21	11089375	11089443	3
chr21	11106768	11106968	27
chr21	15036090	15036133	0
chr21	15052897	15052990	5
chr21	15086216	15086289	4
chr21	15095791	15096245	32
chr21	15308268	15308565	9
chr21	15308579	15308876	4
chr21	15436206	15436520	36
chr21	15436558	15436866	23
chr21	15438233	15438309	2
chr21	15449791	15449909	0
chr21	15588454	15588650	12
chr21	15646300	15646377	7
chr21	16057114	16057182	6
chr21	16368590	16368693	3
chr21	16436605	16436924	32
chr21	16436930	16437249	95
chr21	16437511	16437790	14
chr21	16601333	16601534	2
chr21	16686785	16686988	11
chr21	16815114	16815184	0
chr21	17046288	17046423	6
chr21	17320067	17320164	4
chr21	17536707	17536775	0
chr21	17671653	17671786	9
chr21	17947776	17948134	15
chr21	18504641	18504702	4
chr21	18542162	18542300	6
chr21	18809827	18809894	8
chr21	18881151	18881216	4
chr21	18885530	18885978	67
chr21	18887851	18888048	1
chr21	18984619	18984966	65
chr21	18984981	18985318	49
chr21	18985329	18985668	4
chr21	19375162	19375246	0
chr21	19443588	19443758	7
chr21	19617246	19617439	1
chr21	19677706	19677800	6
chr21	20137280	20137325	6
chr21	20173281	20173347	4
chr21	20552746	20552838	3
chr21	21343095	21343152	0
chr21	21805925	21806008	2
chr21	22074342	22074556	0
chr21	22170941	22171074	2
chr21	22369363	22369605	16
chr21	23203342	23203467	5
chr21	23722604	23722852	15
chr21	24474190	24474251	6
chr21	24702464	24702531	0
chr21	25159344	25159482	6
chr21	26011328	26011486	1
chr21	26734225	26734354	13
chr21	26737090	26737224	13
chr21	26979636	26980131	51
chr21	27012615	27012668	5
chr21	27192599	27192667	0
chr21	27371271	27371531	6
chr21	27545383	27545451	6
chr21	27564892	27564958	3
chr21	27613576	27613718	6
chr21	27945125	27945551	37
chr21	28212723	28212803	0
chr21	28561970	28562107	0
chr21	28788583	28788789	11
chr21	29434774	29434905	7
chr21	30049336	30049433	2
chr21	30234683	30234885	10
chr21	30365057	30365318	13
chr21	30381916	30382010	5
chr21	30391373	30391720	19
chr21	30445685	30445885	26
chr21	30615059	30615156	3
chr21	30697271	30697407	15
chr21	30721138	30721271	9
chr21	30945891	30945935	3
chr21	30947168	30947309	21
chr21	31233852	31233919	8
chr21	31311420	31311859	28
chr21	31835671	31835808	0
chr21	32079428	32079523	3
chr21	32206631	32206836	11
chr21	32255876	32256078	8
chr21	32469152	32469291	6
chr21	32486142	32486362	7
chr21	32499829	32500029	15
chr21	32689491	32689625	5
chr21	32716063	32716418	48
chr21	32763659	32763766	9
chr21	32839569	32839667	2
chr21	32843374	32843526	8
chr21	32863294	32863392	13
chr21	32890693	32890895	0
chr21	32932946	32933082	0
chr21	33013257	33013602	10
chr21	33031748	33031813	12
chr21	33032291	33032647	83
chr21	33170719	33170852	7
chr21	33184098	33184231	3
chr21	33244921	33245317	58
chr21	33245353	33245735	67
chr21	33245763	33246158	79
chr21	33246176	33246580	20
chr21	33637700	33637760	3
chr21	33678453	33678651	13
chr21	33765522	33765694	21
chr21	33852993	33853196	4
chr21	33941696	33941823	5
chr21	34099732	34100165	59
chr21	34100190	34100604	69
chr21	34101720	34101853	0
chr21	34395135	34395463	3
chr21	34395484	34395809	24
chr21	34397541	34397733	23
chr21	34398006	34398278	44
chr21	34398620	34398982	33
chr21	34399243	34399481	42
chr21	34399784	34400155	46
chr21	34442354	34442674	44
chr21	34442731	34443052	19
chr21	34443066	34443402	12
chr21	34443781	34443882	9
chr21	34444364	34444450	24
chr21	34508776	34508911	6
chr21	34638646	34639071	32
chr21	34655014	34655127	3
chr21	34662343	34662453	6
chr21	34753093	34753157	2
chr21	34774385	34774440	0
chr21	34775472	34775725	54
chr21	34775735	34775992	57
chr21	34776301	34776415	16
chr21	34806550	34806685	5
chr21	34863666	34863952	0
chr21	34863959	34864241	33
chr21	34882797	34882984	7
chr21	34920181	34920324	0
chr21	34960454	34960781	56
chr21	34960795	34961131	58
chr21	35014896	35015330	12
chr21	35015333	35015764	62
chr21	35043740	35043858	7
chr21	35062044	35062310	12
chr21	35205893	35206149	9
chr21	35220812	35220978	0
chr21	35232467	35232535	0
chr21	35240218	35240393	7
chr21	35351973	35352041	0
chr21	35445261	35445589	74
chr21	35445610	35445956	92
chr21	35747585	35747841	28
chr21	35747853	35748101	13
chr21	35859639	35859774	7
chr21	35986817	35987298	95
chr21	35987301	35987784	72
chr21	36041809	36042053	32
chr21	36140467	36140670	14
chr21	36164167	36164474	43
chr21	36164509	36164798	46
chr21	36260945	36261408	81
chr21	36261421	36261837	88
chr21	36261909	36262367	32
chr21	36262369	36262842	78
chr21	36364539	36364673	3
chr21	36402362	36402496	13
chr21	36479520	36479773	15
chr21	36532733	36532929	6
chr21	36553423	36553621	2
chr21	36577157	36577374	0
chr21	36649847	36649915	4
chr21	36877500	36877705	2
chr21	37074194	37074262	0
chr21	37079789	37079883	6
chr21	37188634	37188705	4
chr21	37202144	37202250	4
chr21	37356842	37356959	0
chr21	37442214	37442492	48
chr21	37462859	37463001	6
chr21	37507283	37507523	26
chr21	37508022	37508206	11
chr21	37508747	37508807	6
chr21	37542621	37542667	0
chr21	37559189	37559279	1
chr21	37581512	37581580	0
chr21	37622446	37622639	7
chr21	37627590	37627720	0
chr21	37631424	37631558	15
chr21	37692299	37692780	29
chr21	37760277	37760416	9
chr21	37761344	37761466	5
chr21	37773287	37773458	0
chr21	37776692	37776958	9
chr21	37822549	37822685	2
chr21	37963813	37964069	4
chr21	37985169	37985274	3
chr21	38021819	38021889	4
chr21	38061035	38061114	0
chr21	38065496	38065800	52
chr21	38065813	38066116	8
chr21	38079701	38079775	8
chr21	38082058	38082221	0
chr21	38101950	38102078	0
chr21	38119896	38120211	86
chr21	38120336	38120557	23
chr21	38253570	38253632	4
chr21	38258589	38258657	6
chr21	38264626	38264805	0
chr21	38274788	38274885	3
chr21	38330810	38331013	8
chr21	38352995	38353074	0
chr21	38368438	38368508	2
chr21	38548051	38548165	5
chr21	38593122	38593502	2
chr21	38638311	38638379	10
chr21	38639541	38639900	47
chr21	38640170	38640458	33
chr21	38653510	38653625	5
chr21	38935404	38935584	13
chr21	39018714	39018775	0
chr21	39039780	39039930	9
chr21	39057706	39057840	9
chr21	39204629	39204792	0
chr21	39348672	39348820	8
chr21	39538480	39538549	0
chr21	39685241	39685371	0
chr21	39726252	39726379	9
chr21	39748479	39748568	2
chr21	39776393	39776434	2
chr21	39971531	39971573	0
chr21	39985617	39985671	3
chr21	40090011	40090143	6
chr21	40177142	40177548	55
chr21	40177852	40178225	67
chr21	40178274	40178619	56
chr21	40357663	40358075	15
chr21	40429787	40429991	8
chr21	40456553	40456621	3
chr21	40485750	40485808	4
chr21	40555096	40555326	31
chr21	40555724	40555889	31
chr21	40720584	40720998	90
chr21	40721010	40721426	54
chr21	40729972	40730041	0
chr21	40817359	40817630	14
chr21	40817639	40817913	55
chr21	40822346	40822525	0
chr21	40830664	40830868	11
chr21	40900549	40900607	4
chr21	40938222	40938359	0
chr21	40976273	40976386	13
chr21	41045310	41045395	4
chr21	41144100	41144155	2
chr21	41454957	41455077	3
chr21	41550841	41550907	0
chr21	42218498	42218811	42
chr21	42368495	42368511	1
chr21	42448284	42448478	0
chr21	42468546	42468718	7
chr21	42576219	42576263	2
chr21	42609096	42609297	0
chr21	42754925	42755143	10
chr21	42820454	42820559	5
chr21	42885069	42885251	5
chr21	42891579	42891715	0
chr21	42925010	42925086	2
chr21	43054399	43054483	4
chr21	43104110	43104162	5
chr21	43109546	43109602	10
chr21	43157262	43157461	6
chr21	43188432	43188532	7
chr21	43188649	43188778	1
chr21	43198643	43198706	4
chr21	43236330	43236496	16
chr21	43293276	43293348	4
chr21	43299195	43299235	8
chr21	43336553	43336708	7
chr21	43350238	43350365	0
chr21	43373468	43373954	68
chr21	43380079	43380120	3
chr21	43458574	43458744	4
chr21	43465435	43465472	3
chr21	43467305	43467335	4
chr21	43474419	43474627	0
chr21	43580654	43581017	12
chr21	43638975	43639446	64
chr21	43639486	43639928	51
chr21	43640054	43640107	10
chr21	43680398	43680494	6
chr21	43726165	43726290	6
chr21	43730645	43730825	1
chr21	43766717	43766782	2
chr21	43769848	43769908	4
chr21	43786663	43786727	4
chr21	43832047	43832145	5
chr21	43874015	43874153	9
chr21	43896529	43896916	10
chr21	43921542	43921558	0
chr21	43968061	43968186	9
chr21	43982930	43982995	8
chr21	44037331	44037460	2
chr21	44099664	44099856	9
chr21	44106398	44106646	27
chr21	44140972	44141039	3
chr21	44162668	44162737	0
chr21	44299152	44299405	20
chr21	44300505	44300588	6
chr21	44316427	44316709	25
chr21	44332858	44333030	7
chr21	44366887	44367011	0
chr21	44376411	44376520	7
chr21	44377569	44377687	8
chr21	44477814	44477938	6
chr21	44482731	44482795	0
chr21	44486205	44486353	2
chr21	44501991	44502053	0
chr21	44573869	44574006	2
chr21	44577261	44577329	0
chr21	44591953	44592050	3
chr21	44697445	44697549	5
chr21	44702071	44702115	4
chr21	44739619	44739795	7
chr21	44742214	44742434	7
chr21	44758736	44758794	0
chr21	44766748	44766934	12
chr21	44796946	44797025	3
chr21	44815709	44815896	0
chr21	44819327	44819695	11
chr21	44830999	44831142	0
chr21	44839166	44839563	6
chr21	44840130	44840441	34
chr21	44857527	44857774	8
chr21	44865421	44865708	21
chr21	44881782	44881873	3
chr21	44898553	44898856	15
chr21	44913396	44913451	4
chr21	44918396	44918527	3
chr21	45002223	45002343	0
chr21	45063561	45063695	5
chr21	45104113	45104247	7
chr21	45138335	45138750	43
chr21	45138780	45139172	73
chr21	45139191	45139609	59
chr21	45151975	45152107	0
chr21	45153706	45153848	3
chr21	45159831	45159978	0
chr21	45161661	45161948	12
chr21	45176069	45176158	0
chr21	45196501	45196638	21
chr21	45201695	45201831	0
chr21	45205511	45205594	6
chr21	45222300	45222516	4
chr21	45222974	45223032	4
chr21	45271468	45271585	0
chr21	45280964	45281079	3
chr21	45292684	45292721	1
chr21	45324256	45324342	6
chr21	45336782	45337209	30
chr21	45344525	45344576	0
chr21	45360723	45360886	16
chr21	45363511	45363698	12
chr21	45402512	45402550	4
chr21	45523228	45523305	8
chr21	45540318	45540393	10
chr21	45553061	45553425	25
chr21	45553882	45553958	0
chr21	45559470	45559828	36
chr21	45593750	45594024	10
chr21	45622435	45622493	0
chr21	45639078	45639508	4
chr21	45647649	45647971	13
chr21	45661015	45661276	22
chr21	45661742	45661793	2
chr21	45662109	45662530	41
chr21	45662678	45662968	24
chr21	45705601	45705758	12
chr21	45705870	45705914	18
chr21	45706900	45707096	14
chr21	45707217	45707433	8
chr21	45719652	45720138	59
chr21	45720270	45720445	24
chr21	45739652	45739737	4
chr21	45753806	45753958	0
chr21	45761888	45762070	1
chr21	45845198	45845577	21
chr21	45854762	45855047	8
chr21	45856396	45856579	0
chr21	45857830	45857992	0
chr21	45882012	45882246	12
chr21	45883632	45883900	18
chr21	45919835	45920091	13
chr21	45933785	45933890	0
chr21	45945541	45945602	7
chr21	45999694	45999835	0
chr21	46034296	46034483	11
chr21	46048470	46048609	3
chr21	46059536	46059688	7
chr21	46143489	46143566	18
chr21	46149403	46149530	7
chr21	46221395	46221630	24
chr21	46221649	46221900	0
chr21	46222183	46222340	27
chr21	46222767	46223011	14
chr21	46235689	46235767	0
chr21	46299535	46299701	5
chr21	46306545	46306700	19
chr21	46316300	46316486	11
chr21	46320441	46320487	0
chr21	46349088	46349130	2
chr21	46353573	46353631	8
chr21	46353813	46353965	2
chr21	46359699	46359852	32
chr21	46359966	46360408	17
chr21	46369186	46369500	19
chr21	46388156	46388226	0
chr21	46392221	46392298	6
chr21	46399280	46399402	23
chr21	46406847	46407004	8
chr21	46407552	46407986	35
chr21	46408724	46408971	6
chr21	46417922	46418100	11
chr21	46422340	46422526	6
chr21	46477006	46477140	5
chr21	46494288	46494668	86
chr21	46494670	46495045	82
chr21	46495053	46495428	22
chr21	46520851	46521161	7
chr21	46553660	46553763	0
chr21	46553992	46554392	55
chr21	46620792	46620908	0
chr21	46655165	46655271	3
chr21	46706774	46706917	26
chr21	46720312	46720561	12
chr21	46737727	46737826	4
chr21	46767083	46767462	21
chr21	46803617	46803741	11
chr21	46812286	46812616	7
chr21	46824612	46825004	48
chr21	46825015	46825397	58
chr21	46825677	46825937	67
chr21	46825941	46826199	52
chr21	46834533	46834727	0
chr21	46846381	46846556	5
chr21	46850264	46850740	10
chr21	46860545	46860586	2
chr21	46863327	46863586	4
chr21	46877554	46877933	17
chr21	46892107	46892230	7
chr21	46895307	46895640	3
chr21	46907180	46907505	16
chr21	46912468	46912885	21
chr21	46913237	46913671	21
chr21	46915129	46915280	1
chr21	46929463	46929511	0
chr21	46929741	46929903	9
chr21	46948403	46948473	8
chr21	46951003	46951418	45
chr21	46951449	46951822	45
chr21	46951849	46952261	27
chr21	46955926	46955999	7
chr21	46956415	46956760	28
chr21	46961701	46962124	30
chr21	46962143	46962556	70
chr21	46962563	46962990	33
chr21	46977181	46977485	16
chr21	47014627	47014776	4
chr21	47034586	47034788	2
chr21	47053124	47053170	0
chr21	47062037	47062386	43
chr21	47062397	47062752	66
chr21	47063135	47063501	62
chr21	47063505	47063870	75
chr21	47063876	47064243	28
chr21	47155748	47155840	0
chr21	47184798	47184888	2
chr21	47229443	47229611	8
chr21	47279720	47280093	7
chr21	47295095	47295139	10
chr21	47320576	47320641	4
chr21	47329624	47329792	13
chr21	47333731	47333790	6
chr21	47334174	47334418	14
chr21	47363221	47363409	10
chr21	47369359	47369384	5
chr21	47390474	47390637	10
chr21	47392304	47392660	22
chr21	47392701	47393038	14
chr21	47393075	47393405	57
chr21	47393696	47394061	50
chr21	47394068	47394431	34
chr21	47409042	47409123	8
chr21	47409238	47409570	11
chr21	47409591	47409922	14
chr21	47416439	47416571	9
chr21	47430757	47430901	10
chr21	47457250	47457616	17
chr21	47517246	47517671	26
chr21	47532120	47532333	27
chr21	47532557	47532772	8
chr21	47550352	47550389	2
chr21	47565568	47565894	59
chr21	47565923	47566231	30
chr21	47626411	47626550	0
chr21	47640151	47640191	4
chr21	47641788	47641918	4
chr21	47648252	47648525	22
chr21	47648565	47648861	46
chr21	47649157	47649440	45
chr21	47712447	47712521	5
chr21	47712891	47712965	3
chr21	47717248	47717626	33
chr21	47717634	47718006	40
chr21	47734287	47734342	0
chr21	47742891	47743080	4
chr21	47743469	47743879	64
chr21	47743885	47744289	75
chr21	47744294	47744700	56
chr21	47744702	47745112	33
chr21	47769648	47769675	3
chr21	47772034	47772095	5
chr21	47793737	47793942	15
chr21	47809854	47809976	2
chr21	47833119	47833238	13
chr21	47870440	47870593	7
chr21	47918538	47918693	19
chr21	48081656	48081834	14
chrX	19052774	19052848	0
