27
13
54
26
17
0
9
59
13
12
129
15
0
67
120
13
51
25
12
37
13
19
5
28
48
27
10
33
52
93
9
0
128
28
23
45
33
42
47
44
32
25
33
113
17
33
114
75
166
41
168
32
90
201
74
49
26
11
29
61
0
16
11
7
87
23
2
47
33
56
124
5
31
31
146
71
17
68
3
117
11
2
20
25
18
20
6
11
46
1
67
0
0
0
35
22
176
13
27
18
12
25
36
0
0
0
15
22
25
42
12
19
60
25
21
3
1
18
19
24
10
19
33
18
19
14
12
2
20
193
0
55
21
107
122
5
1
0
7
1
9
119
25
14
119
22
14
14
75
23
169
14
84
84
2
3
10
17
27
8
90
70
45
75
4
227
3
9
27
7
1
16
7
14
