27
39
14
2
0
1
0
4
3
3
27
0
5
4
32
9
4
36
23
2
0
12
7
6
3
32
95
14
2
11
0
6
4
0
9
15
4
6
8
4
67
1
65
49
4
0
7
1
6
6
4
3
0
2
0
2
16
5
15
6
0
6
1
13
13
51
5
0
6
6
3
6
37
0
0
11
7
2
10
13
5
19
26
3
15
9
3
21
8
28
0
3
11
8
6
7
15
5
48
9
2
8
13
0
0
10
12
83
7
3
58
67
79
20
3
13
21
4
5
59
69
0
3
24
23
44
33
42
46
44
19
12
9
24
6
32
3
6
2
0
54
57
16
5
0
33
7
0
56
58
12
62
7
12
9
0
0
7
0
74
92
28
13
7
95
72
32
14
43
46
81
88
32
78
3
13
15
6
2
0
4
2
0
6
4
4
0
48
6
26
11
6
0
1
0
7
0
15
29
9
5
0
9
2
4
3
4
0
52
8
8
0
0
86
23
4
6
0
3
8
0
2
5
2
10
47
33
5
13
0
9
9
0
8
0
0
9
2
2
0
3
6
55
67
56
15
8
3
4
31
31
90
54
0
14
55
0
11
4
0
4
2
3
0
13
42
1
0
7
2
0
10
5
5
0
2
4
5
10
6
7
1
4
16
4
8
7
0
68
3
4
3
4
0
12
64
51
10
6
6
1
2
4
4
5
9
10
0
9
8
2
9
20
25
18
3
0
20
6
25
7
0
7
8
6
0
2
0
2
0
3
5
4
7
7
0
12
3
0
11
0
6
34
8
21
3
15
4
3
0
5
7
43
73
59
0
3
0
12
0
21
0
6
4
4
0
3
1
6
30
0
16
12
4
8
10
25
0
36
10
0
4
13
22
2
24
41
12
18
14
8
0
59
24
4
0
1
21
8
0
0
12
18
13
0
7
0
11
3
7
18
7
24
0
27
14
0
5
19
11
0
2
8
2
32
17
19
0
6
23
8
35
6
11
6
5
86
82
22
7
0
55
0
3
26
12
4
21
11
7
48
58
67
52
0
5
10
2
4
17
7
3
21
8
16
13
1
0
9
8
45
45
27
7
28
30
70
33
16
4
2
0
43
66
62
75
28
0
2
8
7
10
4
13
6
14
10
5
10
14
8
14
57
50
34
8
11
14
9
10
17
26
27
8
2
59
30
0
4
4
22
46
45
5
3
33
40
0
4
64
75
56
33
3
5
15
2
13
7
19
14
