1
1
3
1
1
4
1
2
2
2
1
2
2
1
2
1
6
13
13
6
1
1
1
1
1
1
1
1
1
6
1
1
2
1
2
1
1
1
1
2
1
2
1
2
2
2
1
1
6
23
23
4
3
1
1
1
2
1
2
1
3
2
4
1
1
16
1
2
4
2
2
2
2
7
9
4
2
2
1
1
2
2
1
1
1
1
2
1
1
2
1
1
2
1
2
2
1
3
2
1
1
1
5
2
1
14
32
7
6
10
3
4
8
5
1
1
1
1
2
1
1
1
2
1
1
1
2
2
1
2
1
1
2
1
1
1
1
1
1
1
2
1
1
1
1
2
2
1
2
1
1
2
1
2
1
1
2
1
1
4
3
2
2
1
1
1
1
1
1
5
2
1
8
1
2
1
2
1
1
1
1
17
2
3
1
1
2
2
1
2
4
1
2
1
1
1
1
1
1
2
1
1
2
8
26
1
1
1
2
2
2
1
8
1
2
1
2
15
1
11
8
1
2
2
2
4
1
4
1
5
2
2
1
1
1
2
2
5
2
5
1
2
1
1
1
1
1
1
1
1
3
1
1
2
2
2
1
1
3
1
1
1
4
1
11
1
1
3
18
2
1
4
15
2
11
5
5
13
10
19
7
2
9
1
1
1
1
2
7
1
1
1
2
1
1
1
1
1
2
1
11
1
1
1
2
2
1
9
2
25
1
18
1
7
10
12
6
3
1
7
21
1
1
27
31
5
8
2
3
17
16
20
34
1
1
1
1
1
39
1
1
2
1
1
1
2
2
2
1
1
1
1
1
1
1
2
1
1
18
6
3
2
1
2
2
4
2
2
1
2
1
2
1
6
1
1
2
1
4
2
2
2
1
1
2
2
1
1
2
25
1
1
8
1
2
1
1
2
2
2
1
2
1
2
2
1
18
4
1
2
2
2
2
2
2
1
2
1
2
2
1
1
1
1
2
2
1
4
2
2
1
2
1
1
2
1
2
2
2
1
2
1
2
8
2
1
1
1
1
1
1
1
1
2
1
1
2
2
1
2
1
45
3
4
2
28
2
63
9
1
1
1
2
20
9
31
2
1
7
1
5
9
1
8
1
5
3
17
10
1
13
9
11
2
5
59
1
2
1
1
1
2
2
1
2
1
1
1
2
1
2
2
1
1
3
1
2
1
2
1
5
3
1
2
2
2
1
1
1
2
1
2
1
2
2
2
2
2
1
2
1
1
2
3
2
1
2
1
1
2
2
1
4
1
4
1
2
2
1
1
1
1
2
1
1
1
1
1
2
1
1
1
2
2
1
1
1
1
1
2
1
2
3
2
1
2
2
1
2
2
2
1
2
1
1
2
2
1
1
6
2
1
2
2
1
1
1
2
1
2
2
1
2
1
1
1
1
2
1
2
3
1
5
5
2
1
1
3
2
2
1
1
1
2
1
2
2
2
1
1
1
2
2
1
2
1
1
1
1
2
2
1
1
2
2
2
2
1
2
1
2
1
2
1
1
2
1
1
1
2
1
2
1
1
1
2
8
1
2
2
1
1
1
2
20
2
1
2
3
2
1
2
1
1
1
1
2
1
3
1
1
1
8
2
2
2
1
4
1
1
2
2
1
1
1
4
1
3
1
1
3
2
1
1
2
2
2
1
2
1
2
2
2
1
1
1
2
1
1
2
2
1
2
1
2
1
1
1
1
2
1
1
1
3
2
2
1
22
2
3
2
2
1
1
2
1
2
15
2
1
1
8
20
5
1
4
15
2
2
1
1
2
2
2
1
2
1
1
2
1
1
1
42
1
15
37
20
2
48
6
1
9
5
17
2
1
2
1
2
2
2
2
1
1
2
1
1
2
2
3
5
1
2
1
3
4
1
7
2
1
2
1
2
1
1
1
1
2
3
2
1
1
1
2
1
2
3
2
2
2
2
1
2
2
1
1
1
1
1
1
1
1
1
2
1
1
4
1
13
2
1
2
1
1
2
23
11
70
1
1
1
1
2
1
1
1
1
2
2
1
1
1
1
1
1
2
1
2
1
1
2
2
1
1
1
2
1
1
1
2
1
1
1
1
1
1
6
3
1
2
1
2
1
1
2
1
2
1
2
1
1
2
1
2
1
1
1
1
1
1
1
2
1
1
2
1
2
1
1
1
2
1
1
3
5
2
2
1
2
2
1
11
6
6
1
2
1
2
1
1
1
13
49
6
4
2
1
18
32
12
45
1
1
1
1
1
3
3
6
1
1
1
4
7
2
4
2
1
2
1
2
1
1
2
2
1
5
3
1
9
