chr21	9578862	9578886	1
chr21	9647762	9647786	4
chr21	9647987	9648011	1
chr21	9664687	9664711	0
chr21	9704412	9704436	2
chr21	9708987	9709011	2
chr21	9709012	9709036	2
chr21	9709112	9709136	4
chr21	9709137	9709161	4
chr21	9709162	9709186	5
chr21	9709187	9709211	1
chr21	9826787	9826811	0
chr21	9876987	9877011	1
chr21	9880062	9880086	1
chr21	9880112	9880136	4
chr21	9882237	9882261	1
chr21	9909487	9909511	1
chr21	9926062	9926086	2
chr21	9926562	9926586	5
chr21	9926587	9926611	4
chr21	9926612	9926636	2
chr21	9926637	9926661	1
chr21	9926662	9926686	8
chr21	9926687	9926711	5
chr21	9926737	9926761	2
chr21	9926762	9926786	3
chr21	9926787	9926811	2
chr21	9926812	9926836	2
chr21	9926862	9926886	1
chr21	9926887	9926911	3
chr21	9926912	9926936	2
chr21	9927037	9927061	3
chr21	9927062	9927086	1
chr21	10201262	10201286	1
chr21	10491887	10491911	2
chr21	10572287	10572311	0
chr21	10891662	10891686	1
chr21	10990162	10990186	2
chr21	10991162	10991186	4
chr21	11088687	11088711	0
chr21	11094762	11094786	2
chr21	11106787	11106811	8
chr21	11106862	11106886	7
chr21	11106887	11106911	4
chr21	11107612	11107636	0
chr21	11116762	11116786	1
chr21	11128987	11129011	0
chr21	11135587	11135611	0
chr21	11154687	11154711	1
chr21	14409962	14409986	4
chr21	14651712	14651736	3
chr21	14944137	14944161	2
chr21	15067612	15067636	0
chr21	15077087	15077111	0
chr21	15077287	15077311	1
chr21	15095837	15095861	5
chr21	15095987	15096011	0
chr21	15199812	15199836	2
chr21	15307562	15307586	2
chr21	15308337	15308361	2
chr21	15308412	15308436	4
chr21	15308462	15308486	0
chr21	15308812	15308836	1
chr21	15308862	15308886	3
chr21	15352112	15352136	0
chr21	15353412	15353436	2
chr21	15384487	15384511	1
chr21	15399187	15399211	2
chr21	15427012	15427036	2
chr21	15434937	15434961	0
chr21	15436212	15436236	6
chr21	15436237	15436261	3
chr21	15436262	15436286	0
chr21	15436287	15436311	0
chr21	15436312	15436336	0
chr21	15436337	15436361	8
chr21	15436362	15436386	6
chr21	15436387	15436411	4
chr21	15436412	15436436	4
chr21	15436437	15436461	1
chr21	15436612	15436636	0
chr21	15436637	15436661	0
chr21	15436662	15436686	0
chr21	15436687	15436711	0
chr21	15436712	15436736	1
chr21	15436737	15436761	2
chr21	15436762	15436786	7
chr21	15436787	15436811	6
chr21	15436812	15436836	4
chr21	15436837	15436861	2
chr21	15444862	15444886	2
chr21	15444962	15444986	2
chr21	15446087	15446111	4
chr21	15448587	15448611	2
chr21	15452087	15452111	0
chr21	15474837	15474861	0
chr21	15547162	15547186	1
chr21	15588537	15588561	1
chr21	15588562	15588586	2
chr21	15588587	15588611	2
chr21	15588612	15588636	2
chr21	15588637	15588661	3
chr21	15646287	15646311	2
chr21	15646337	15646361	1
chr21	15755537	15755561	4
chr21	15763637	15763661	1
chr21	15763712	15763736	0
chr21	15978337	15978361	2
chr21	16040962	16040986	0
chr21	16416387	16416411	2
chr21	16436612	16436636	0
chr21	16436637	16436661	0
chr21	16436662	16436686	3
chr21	16436712	16436736	7
chr21	16436762	16436786	2
chr21	16436787	16436811	3
chr21	16436812	16436836	4
chr21	16436912	16436936	3
chr21	16436937	16436961	6
chr21	16436987	16437011	5
chr21	16437012	16437036	6
chr21	16437037	16437061	8
chr21	16437062	16437086	6
chr21	16437087	16437111	6
chr21	16437112	16437136	10
chr21	16437137	16437161	6
chr21	16437162	16437186	8
chr21	16437187	16437211	11
chr21	16437212	16437236	14
chr21	16437237	16437261	6
chr21	16437512	16437536	2
chr21	16437537	16437561	1
chr21	16437562	16437586	2
chr21	16437587	16437611	0
chr21	16437612	16437636	0
chr21	16437637	16437661	0
chr21	16437687	16437711	0
chr21	16437712	16437736	2
chr21	16437737	16437761	4
chr21	16437762	16437786	2
chr21	16437787	16437811	2
chr21	16518587	16518611	0
chr21	16518712	16518736	0
chr21	16591762	16591786	1
chr21	16591837	16591861	1
chr21	16661762	16661786	3
chr21	16662587	16662611	1
chr21	16662812	16662836	2
chr21	16662962	16662986	2
chr21	16671087	16671111	1
chr21	16982862	16982886	4
chr21	17280537	17280561	0
chr21	17320112	17320136	1
chr21	17377537	17377561	1
chr21	17377587	17377611	1
chr21	17434237	17434261	2
chr21	17476887	17476911	0
chr21	17476987	17477011	0
chr21	17947962	17947986	1
chr21	18010812	18010836	2
chr21	18040312	18040336	0
chr21	18460262	18460286	0
chr21	18722687	18722711	0
chr21	18822887	18822911	1
chr21	18822912	18822936	2
chr21	18826337	18826361	2
chr21	18830037	18830061	1
chr21	18835287	18835311	1
chr21	18837862	18837886	1
chr21	18839312	18839336	2
chr21	18857612	18857636	5
chr21	18874612	18874636	0
chr21	18881212	18881236	2
chr21	18883012	18883036	0
chr21	18885512	18885536	1
chr21	18885537	18885561	7
chr21	18885612	18885636	6
chr21	18885687	18885711	0
chr21	18885712	18885736	7
chr21	18885737	18885761	8
chr21	18885762	18885786	7
chr21	18885787	18885811	3
chr21	18885887	18885911	2
chr21	18906587	18906611	0
chr21	18984437	18984461	0
chr21	18984612	18984636	6
chr21	18984637	18984661	2
chr21	18984662	18984686	6
chr21	18984687	18984711	5
chr21	18984712	18984736	6
chr21	18984762	18984786	4
chr21	18984787	18984811	9
chr21	18984837	18984861	7
chr21	18984887	18984911	2
chr21	18984912	18984936	0
chr21	18984937	18984961	0
chr21	18984962	18984986	0
chr21	18984987	18985011	0
chr21	18985062	18985086	1
chr21	18985087	18985111	4
chr21	18985112	18985136	2
chr21	18985137	18985161	6
chr21	18985162	18985186	6
chr21	18985187	18985211	5
chr21	18985212	18985236	2
chr21	18985262	18985286	2
chr21	18985287	18985311	10
chr21	18985312	18985336	9
chr21	18985362	18985386	0
chr21	18985387	18985411	0
chr21	18985412	18985436	0
chr21	18985437	18985461	0
chr21	18985462	18985486	0
chr21	19138412	19138436	1
chr21	19191312	19191336	2
chr21	19191812	19191836	0
chr21	19191887	19191911	0
chr21	19205887	19205911	4
chr21	19256662	19256686	1
chr21	19256712	19256736	2
chr21	19311062	19311086	1
chr21	19365137	19365161	1
chr21	19371012	19371036	2
chr21	19443662	19443686	2
chr21	19618012	19618036	0
chr21	19677787	19677811	2
chr21	19795862	19795886	0
chr21	19812537	19812561	1
chr21	19958762	19958786	6
chr21	20394112	20394136	0
chr21	20500637	20500661	2
chr21	20606387	20606411	3
chr21	20802987	20803011	2
chr21	20861762	20861786	2
chr21	20866087	20866111	3
chr21	21197962	21197986	4
chr21	21197987	21198011	4
chr21	21218987	21219011	1
chr21	21272412	21272436	1
chr21	21311387	21311411	0
chr21	21384687	21384711	0
chr21	21496312	21496336	0
chr21	21616612	21616636	0
chr21	21807537	21807561	2
chr21	21960412	21960436	1
chr21	22091137	22091161	0
chr21	22106387	22106411	4
chr21	22369487	22369511	2
chr21	22369562	22369586	2
chr21	22392637	22392661	1
chr21	22453587	22453611	2
chr21	22630037	22630061	2
chr21	22851812	22851836	1
chr21	23162637	23162661	0
chr21	23257512	23257536	2
chr21	23342887	23342911	0
chr21	23379937	23379961	0
chr21	23485212	23485236	0
chr21	23485387	23485411	2
chr21	23722587	23722611	2
chr21	23722687	23722711	2
chr21	23778562	23778586	4
chr21	23811862	23811886	1
chr21	23918187	23918211	2
chr21	23934612	23934636	1
chr21	23951137	23951161	1
chr21	24641737	24641761	1
chr21	25064237	25064261	2
chr21	25337237	25337261	2
chr21	25445062	25445086	2
chr21	26011387	26011411	1
chr21	26015562	26015586	1
chr21	26424412	26424436	0
chr21	26426237	26426261	2
chr21	26734337	26734361	2
chr21	26756587	26756611	0
chr21	26859162	26859186	1
chr21	26859187	26859211	2
chr21	26979612	26979636	0
chr21	26979662	26979686	0
chr21	26979687	26979711	0
chr21	26979787	26979811	9
chr21	27011987	27012011	0
chr21	27389412	27389436	1
chr21	27428612	27428636	1
chr21	27456737	27456761	2
chr21	27542787	27542811	0
chr21	27613662	27613686	1
chr21	27656312	27656336	1
chr21	27775537	27775561	0
chr21	27945187	27945211	0
chr21	27945337	27945361	2
chr21	27945437	27945461	8
chr21	27945462	27945486	8
chr21	27945487	27945511	2
chr21	27945512	27945536	8
chr21	27945537	27945561	3
chr21	28214762	28214786	2
chr21	28216812	28216836	0
chr21	28307262	28307286	0
chr21	28339987	28340011	0
chr21	28398187	28398211	1
chr21	28459612	28459636	3
chr21	28488712	28488736	3
chr21	28515937	28515961	0
chr21	28562037	28562061	0
chr21	28788612	28788636	0
chr21	28843462	28843486	2
chr21	29258212	29258236	0
chr21	29430637	29430661	2
chr21	29579262	29579286	0
chr21	29936087	29936111	2
chr21	29961087	29961111	0
chr21	29961137	29961161	0
chr21	29980987	29981011	0
chr21	30365037	30365061	0
chr21	30365162	30365186	0
chr21	30365212	30365236	2
chr21	30365237	30365261	1
chr21	30365262	30365286	1
chr21	30365287	30365311	2
chr21	30365312	30365336	2
chr21	30372687	30372711	0
chr21	30372737	30372761	0
chr21	30374337	30374361	1
chr21	30374987	30375011	0
chr21	30381937	30381961	1
chr21	30391362	30391386	0
chr21	30391387	30391411	0
chr21	30391437	30391461	2
chr21	30391462	30391486	2
chr21	30391562	30391586	0
chr21	30391612	30391636	1
chr21	30391637	30391661	1
chr21	30391687	30391711	4
chr21	30391712	30391736	3
chr21	30445312	30445336	1
chr21	30445662	30445686	1
chr21	30445762	30445786	2
chr21	30445787	30445811	10
chr21	30445812	30445836	2
chr21	30445862	30445886	0
chr21	30449737	30449761	7
chr21	30500887	30500911	0
chr21	30615137	30615161	1
chr21	30670837	30670861	4
chr21	30671362	30671386	0
chr21	30671812	30671836	4
chr21	30697262	30697286	5
chr21	30721212	30721236	2
chr21	30937962	30937986	1
chr21	30945887	30945911	3
chr21	30953737	30953761	0
chr21	30961812	30961836	1
chr21	31028437	31028461	0
chr21	31138337	31138361	0
chr21	31233912	31233936	4
chr21	31311412	31311436	0
chr21	31311437	31311461	0
chr21	31311462	31311486	0
chr21	31311487	31311511	0
chr21	31311537	31311561	2
chr21	31311587	31311611	1
chr21	31311612	31311636	2
chr21	31311637	31311661	8
chr21	31311662	31311686	5
chr21	31311687	31311711	2
chr21	31311712	31311736	4
chr21	31311787	31311811	1
chr21	31311837	31311861	0
chr21	31326962	31326986	2
chr21	31334337	31334361	1
chr21	31536162	31536186	3
chr21	31693787	31693811	1
chr21	32209612	32209636	2
chr21	32358912	32358936	2
chr21	32447537	32447561	1
chr21	32454712	32454736	2
chr21	32459987	32460011	2
chr21	32469212	32469236	1
chr21	32499962	32499986	3
chr21	32624262	32624286	0
chr21	32695312	32695336	0
chr21	32716087	32716111	4
chr21	32716162	32716186	4
chr21	32716212	32716236	7
chr21	32716237	32716261	6
chr21	32716262	32716286	3
chr21	32716287	32716311	3
chr21	32716312	32716336	3
chr21	32716337	32716361	2
chr21	32716412	32716436	3
chr21	32741462	32741486	0
chr21	32744787	32744811	1
chr21	32763737	32763761	2
chr21	32765312	32765336	2
chr21	32775012	32775036	0
chr21	32802362	32802386	1
chr21	32838212	32838236	1
chr21	32840637	32840661	0
chr21	32863337	32863361	4
chr21	32878137	32878161	1
chr21	32894312	32894336	2
chr21	32894737	32894761	3
chr21	32931137	32931161	0
chr21	32931562	32931586	3
chr21	32948237	32948261	3
chr21	33013462	33013486	3
chr21	33013587	33013611	4
chr21	33020212	33020236	0
chr21	33026462	33026486	2
chr21	33031737	33031761	6
chr21	33031762	33031786	2
chr21	33031787	33031811	4
chr21	33031812	33031836	2
chr21	33032337	33032361	8
chr21	33032362	33032386	9
chr21	33032387	33032411	10
chr21	33032412	33032436	6
chr21	33032512	33032536	4
chr21	33032587	33032611	4
chr21	33032612	33032636	2
chr21	33103412	33103436	2
chr21	33104612	33104636	3
chr21	33113287	33113311	1
chr21	33184162	33184186	1
chr21	33229887	33229911	4
chr21	33243887	33243911	1
chr21	33244912	33244936	4
chr21	33244937	33244961	2
chr21	33245012	33245036	6
chr21	33245037	33245061	4
chr21	33245062	33245086	4
chr21	33245087	33245111	1
chr21	33245112	33245136	1
chr21	33245187	33245211	12
chr21	33245237	33245261	5
chr21	33245312	33245336	6
chr21	33245362	33245386	4
chr21	33245437	33245461	2
chr21	33245462	33245486	1
chr21	33245487	33245511	10
chr21	33245512	33245536	8
chr21	33245537	33245561	7
chr21	33245562	33245586	8
chr21	33245587	33245611	1
chr21	33245612	33245636	0
chr21	33245637	33245661	6
chr21	33245662	33245686	2
chr21	33245687	33245711	2
chr21	33245862	33245886	4
chr21	33245887	33245911	8
chr21	33246012	33246036	5
chr21	33246037	33246061	12
chr21	33246137	33246161	4
chr21	33246187	33246211	2
chr21	33246262	33246286	2
chr21	33246287	33246311	4
chr21	33246362	33246386	0
chr21	33246387	33246411	0
chr21	33246437	33246461	0
chr21	33268612	33268636	0
chr21	33340587	33340611	1
chr21	33371112	33371136	1
chr21	33443812	33443836	1
chr21	33587087	33587111	1
chr21	33627612	33627636	0
chr21	33637687	33637711	2
chr21	33696887	33696911	1
chr21	33697437	33697461	2
chr21	33708112	33708136	0
chr21	33711087	33711111	0
chr21	33765512	33765536	2
chr21	33765537	33765561	3
chr21	33765562	33765586	2
chr21	33765587	33765611	4
chr21	33765612	33765636	2
chr21	33765662	33765686	4
chr21	33765687	33765711	4
chr21	33775087	33775111	4
chr21	33785112	33785136	3
chr21	33824112	33824136	1
chr21	33838537	33838561	2
chr21	33840437	33840461	0
chr21	33848737	33848761	2
chr21	33863737	33863761	1
chr21	33884837	33884861	1
chr21	33912837	33912861	1
chr21	33924237	33924261	2
chr21	33953537	33953561	1
chr21	33964662	33964686	2
chr21	33968312	33968336	2
chr21	33983862	33983886	3
chr21	33984187	33984211	0
chr21	33984212	33984236	0
chr21	33984487	33984511	2
chr21	33984762	33984786	2
chr21	33996237	33996261	0
chr21	34032237	34032261	2
chr21	34063137	34063161	0
chr21	34099737	34099761	2
chr21	34099762	34099786	4
chr21	34099812	34099836	7
chr21	34099862	34099886	0
chr21	34099937	34099961	2
chr21	34100012	34100036	10
chr21	34100037	34100061	2
chr21	34100087	34100111	4
chr21	34100137	34100161	0
chr21	34100212	34100236	3
chr21	34100237	34100261	4
chr21	34100312	34100336	4
chr21	34100337	34100361	8
chr21	34100362	34100386	9
chr21	34100387	34100411	4
chr21	34101737	34101761	0
chr21	34101762	34101786	0
chr21	34101787	34101811	0
chr21	34112062	34112086	1
chr21	34148062	34148086	1
chr21	34218912	34218936	1
chr21	34395287	34395311	0
chr21	34395312	34395336	0
chr21	34395437	34395461	1
chr21	34395537	34395561	6
chr21	34395562	34395586	4
chr21	34395587	34395611	3
chr21	34395662	34395686	1
chr21	34397537	34397561	5
chr21	34397562	34397586	8
chr21	34397612	34397636	2
chr21	34397637	34397661	4
chr21	34397712	34397736	1
chr21	34397987	34398011	1
chr21	34398012	34398036	3
chr21	34398037	34398061	2
chr21	34398087	34398111	0
chr21	34398112	34398136	4
chr21	34398137	34398161	2
chr21	34398162	34398186	8
chr21	34398187	34398211	9
chr21	34398212	34398236	4
chr21	34398237	34398261	3
chr21	34398262	34398286	8
chr21	34398612	34398636	1
chr21	34398637	34398661	6
chr21	34398662	34398686	3
chr21	34398737	34398761	2
chr21	34398762	34398786	2
chr21	34398787	34398811	2
chr21	34398812	34398836	2
chr21	34398837	34398861	3
chr21	34398912	34398936	4
chr21	34398937	34398961	4
chr21	34398962	34398986	3
chr21	34399237	34399261	2
chr21	34399262	34399286	2
chr21	34399287	34399311	2
chr21	34399312	34399336	6
chr21	34399337	34399361	9
chr21	34399412	34399436	10
chr21	34399437	34399461	5
chr21	34399762	34399786	1
chr21	34399787	34399811	6
chr21	34399812	34399836	4
chr21	34399837	34399861	10
chr21	34399862	34399886	8
chr21	34399887	34399911	3
chr21	34400112	34400136	8
chr21	34400137	34400161	6
chr21	34405562	34405586	5
chr21	34424437	34424461	2
chr21	34442337	34442361	2
chr21	34442362	34442386	3
chr21	34442487	34442511	3
chr21	34442512	34442536	7
chr21	34442562	34442586	9
chr21	34442837	34442861	2
chr21	34442862	34442886	2
chr21	34442887	34442911	4
chr21	34442937	34442961	2
chr21	34442962	34442986	4
chr21	34442987	34443011	1
chr21	34443012	34443036	2
chr21	34443062	34443086	5
chr21	34443087	34443111	2
chr21	34443162	34443186	0
chr21	34443187	34443211	0
chr21	34443212	34443236	0
chr21	34443237	34443261	0
chr21	34443287	34443311	3
chr21	34443362	34443386	0
chr21	34443387	34443411	0
chr21	34443787	34443811	2
chr21	34443812	34443836	2
chr21	34443837	34443861	1
chr21	34444362	34444386	6
chr21	34444387	34444411	6
chr21	34444412	34444436	9
chr21	34444437	34444461	4
chr21	34474162	34474186	0
chr21	34479412	34479436	0
chr21	34481287	34481311	2
chr21	34482112	34482136	1
chr21	34488012	34488036	2
chr21	34501837	34501861	2
chr21	34508862	34508886	1
chr21	34513087	34513111	1
chr21	34638762	34638786	0
chr21	34638837	34638861	1
chr21	34638987	34639011	2
chr21	34683362	34683386	1
chr21	34691362	34691386	1
chr21	34696762	34696786	2
chr21	34697012	34697036	0
chr21	34697662	34697686	1
chr21	34750612	34750636	0
chr21	34750987	34751011	4
chr21	34767137	34767161	0
chr21	34774837	34774861	1
chr21	34775462	34775486	6
chr21	34775487	34775511	8
chr21	34775512	34775536	4
chr21	34775537	34775561	0
chr21	34775562	34775586	0
chr21	34775587	34775611	0
chr21	34775612	34775636	10
chr21	34775637	34775661	8
chr21	34775662	34775686	10
chr21	34775687	34775711	5
chr21	34775712	34775736	2
chr21	34775737	34775761	4
chr21	34775762	34775786	4
chr21	34775787	34775811	5
chr21	34775812	34775836	1
chr21	34775837	34775861	7
chr21	34775862	34775886	2
chr21	34775887	34775911	12
chr21	34775912	34775936	5
chr21	34775937	34775961	12
chr21	34775962	34775986	2
chr21	34776287	34776311	2
chr21	34776312	34776336	3
chr21	34776337	34776361	6
chr21	34776412	34776436	2
chr21	34785112	34785136	2
chr21	34863662	34863686	0
chr21	34863687	34863711	0
chr21	34863737	34863761	0
chr21	34863762	34863786	0
chr21	34863787	34863811	0
chr21	34863812	34863836	0
chr21	34863837	34863861	0
chr21	34863862	34863886	0
chr21	34863887	34863911	0
chr21	34863937	34863961	0
chr21	34863962	34863986	2
chr21	34863987	34864011	6
chr21	34864012	34864036	3
chr21	34864037	34864061	6
chr21	34870137	34870161	1
chr21	34888262	34888286	5
chr21	34898462	34898486	2
chr21	34914887	34914911	2
chr21	34915437	34915461	1
chr21	34915637	34915661	0
chr21	34915712	34915736	0
chr21	34922762	34922786	2
chr21	34930012	34930036	0
chr21	34940612	34940636	2
chr21	34955087	34955111	1
chr21	34955237	34955261	2
chr21	34960537	34960561	6
chr21	34960637	34960661	2
chr21	34960662	34960686	11
chr21	34960687	34960711	8
chr21	34960712	34960736	6
chr21	34960737	34960761	0
chr21	34960762	34960786	0
chr21	34960787	34960811	0
chr21	34960812	34960836	3
chr21	34960837	34960861	3
chr21	34960862	34960886	5
chr21	34960887	34960911	4
chr21	34960912	34960936	3
chr21	34960937	34960961	9
chr21	34960962	34960986	2
chr21	34961062	34961086	5
chr21	35014012	35014036	1
chr21	35014912	35014936	0
chr21	35014937	35014961	0
chr21	35014962	35014986	0
chr21	35014987	35015011	0
chr21	35015037	35015061	0
chr21	35015062	35015086	0
chr21	35015087	35015111	0
chr21	35015137	35015161	0
chr21	35015162	35015186	0
chr21	35015212	35015236	0
chr21	35015237	35015261	0
chr21	35015262	35015286	3
chr21	35015287	35015311	5
chr21	35015312	35015336	5
chr21	35015337	35015361	3
chr21	35015362	35015386	0
chr21	35015437	35015461	2
chr21	35015462	35015486	4
chr21	35015487	35015511	4
chr21	35015512	35015536	4
chr21	35015562	35015586	11
chr21	35015587	35015611	2
chr21	35015612	35015636	6
chr21	35015637	35015661	12
chr21	35015662	35015686	6
chr21	35015712	35015736	2
chr21	35015737	35015761	2
chr21	35015762	35015786	1
chr21	35043737	35043761	3
chr21	35043762	35043786	1
chr21	35047662	35047686	5
chr21	35062237	35062261	2
chr21	35119062	35119086	0
chr21	35178112	35178136	0
chr21	35233012	35233036	0
chr21	35233287	35233311	2
chr21	35258162	35258186	0
chr21	35268287	35268311	2
chr21	35281687	35281711	1
chr21	35312337	35312361	1
chr21	35343337	35343361	1
chr21	35445362	35445386	6
chr21	35445487	35445511	7
chr21	35445862	35445886	5
chr21	35458112	35458136	0
chr21	35575087	35575111	0
chr21	35640937	35640961	3
chr21	35718062	35718086	3
chr21	35747637	35747661	1
chr21	35747662	35747686	4
chr21	35747687	35747711	3
chr21	35747712	35747736	4
chr21	35747737	35747761	8
chr21	35747762	35747786	3
chr21	35747787	35747811	2
chr21	35747837	35747861	2
chr21	35747862	35747886	2
chr21	35747912	35747936	1
chr21	35747937	35747961	7
chr21	35748012	35748036	0
chr21	35748037	35748061	0
chr21	35748062	35748086	0
chr21	35748087	35748111	0
chr21	35769862	35769886	0
chr21	35779862	35779886	1
chr21	35784237	35784261	1
chr21	35831837	35831861	2
chr21	35832012	35832036	0
chr21	35832137	35832161	2
chr21	35859637	35859661	1
chr21	35871712	35871736	1
chr21	35916487	35916511	1
chr21	35916687	35916711	0
chr21	35967862	35967886	1
chr21	35968012	35968036	3
chr21	35986812	35986836	0
chr21	35986837	35986861	0
chr21	35986912	35986936	0
chr21	35986962	35986986	4
chr21	35987012	35987036	7
chr21	35987137	35987161	2
chr21	35987187	35987211	8
chr21	35987312	35987336	6
chr21	35987387	35987411	7
chr21	35987412	35987436	10
chr21	35987437	35987461	4
chr21	35987462	35987486	6
chr21	36039987	36040011	0
chr21	36041487	36041511	2
chr21	36041637	36041661	1
chr21	36042612	36042636	5
chr21	36042737	36042761	4
chr21	36102712	36102736	0
chr21	36164212	36164236	8
chr21	36164237	36164261	4
chr21	36164262	36164286	6
chr21	36164287	36164311	8
chr21	36164487	36164511	1
chr21	36164562	36164586	5
chr21	36164587	36164611	10
chr21	36164637	36164661	8
chr21	36164662	36164686	2
chr21	36164687	36164711	6
chr21	36164762	36164786	0
chr21	36193612	36193636	0
chr21	36205612	36205636	0
chr21	36260937	36260961	9
chr21	36260962	36260986	8
chr21	36261062	36261086	2
chr21	36261112	36261136	2
chr21	36261262	36261286	2
chr21	36261312	36261336	2
chr21	36261412	36261436	5
chr21	36261437	36261461	4
chr21	36261512	36261536	6
chr21	36261587	36261611	0
chr21	36261712	36261736	8
chr21	36261812	36261836	4
chr21	36261912	36261936	0
chr21	36262087	36262111	2
chr21	36262262	36262286	1
chr21	36262362	36262386	6
chr21	36262487	36262511	6
chr21	36262512	36262536	6
chr21	36262537	36262561	6
chr21	36262587	36262611	4
chr21	36262612	36262636	6
chr21	36262737	36262761	3
chr21	36262762	36262786	6
chr21	36321312	36321336	1
chr21	36395662	36395686	2
chr21	36395812	36395836	1
chr21	36402387	36402411	0
chr21	36419962	36419986	2
chr21	36479587	36479611	1
chr21	36532912	36532936	1
chr21	36649887	36649911	0
chr21	36654962	36654986	2
chr21	36926687	36926711	1
chr21	36926762	36926786	2
chr21	36943762	36943786	0
chr21	36976937	36976961	0
chr21	37074812	37074836	1
chr21	37074887	37074911	1
chr21	37202212	37202236	2
chr21	37432387	37432411	0
chr21	37442237	37442261	3
chr21	37442262	37442286	5
chr21	37442287	37442311	8
chr21	37442312	37442336	6
chr21	37442337	37442361	6
chr21	37442362	37442386	1
chr21	37442387	37442411	4
chr21	37442412	37442436	3
chr21	37442462	37442486	8
chr21	37442487	37442511	2
chr21	37472237	37472261	0
chr21	37477187	37477211	2
chr21	37485387	37485411	2
chr21	37502287	37502311	1
chr21	37502437	37502461	4
chr21	37507387	37507411	6
chr21	37507412	37507436	6
chr21	37507437	37507461	3
chr21	37508137	37508161	3
chr21	37510587	37510611	2
chr21	37528662	37528686	8
chr21	37528687	37528711	2
chr21	37528787	37528811	4
chr21	37529487	37529511	1
chr21	37572687	37572711	1
chr21	37573237	37573261	2
chr21	37574537	37574561	0
chr21	37581562	37581586	0
chr21	37611312	37611336	1
chr21	37692287	37692311	0
chr21	37692312	37692336	0
chr21	37692337	37692361	0
chr21	37692412	37692436	0
chr21	37692462	37692486	0
chr21	37692487	37692511	0
chr21	37692512	37692536	0
chr21	37692537	37692561	0
chr21	37692562	37692586	0
chr21	37692587	37692611	0
chr21	37692612	37692636	0
chr21	37692637	37692661	0
chr21	37692662	37692686	6
chr21	37692687	37692711	10
chr21	37692712	37692736	6
chr21	37692737	37692761	5
chr21	37692762	37692786	3
chr21	37694787	37694811	2
chr21	37696312	37696336	0
chr21	37706362	37706386	1
chr21	37711662	37711686	0
chr21	37711712	37711736	0
chr21	37760412	37760436	3
chr21	37761337	37761361	2
chr21	37761362	37761386	2
chr21	37765137	37765161	2
chr21	37767437	37767461	2
chr21	37776937	37776961	2
chr21	37788137	37788161	2
chr21	37794387	37794411	0
chr21	37816612	37816636	0
chr21	37888337	37888361	1
chr21	37904512	37904536	2
chr21	37944062	37944086	0
chr21	37949187	37949211	2
chr21	37963837	37963861	1
chr21	37965412	37965436	2
chr21	38002087	38002111	0
chr21	38002162	38002186	0
chr21	38021887	38021911	1
chr21	38065587	38065611	4
chr21	38065687	38065711	4
chr21	38074212	38074236	2
chr21	38076962	38076986	6
chr21	38077112	38077136	4
chr21	38077162	38077186	1
chr21	38079012	38079036	0
chr21	38079712	38079736	4
chr21	38079737	38079761	2
chr21	38080262	38080286	2
chr21	38080937	38080961	2
chr21	38080962	38080986	4
chr21	38081062	38081086	0
chr21	38081212	38081236	0
chr21	38094237	38094261	1
chr21	38108512	38108536	1
chr21	38108687	38108711	0
chr21	38114037	38114061	2
chr21	38117312	38117336	2
chr21	38120087	38120111	8
chr21	38120112	38120136	12
chr21	38120162	38120186	6
chr21	38120312	38120336	0
chr21	38120337	38120361	0
chr21	38120362	38120386	0
chr21	38120387	38120411	0
chr21	38120512	38120536	8
chr21	38128637	38128661	0
chr21	38128662	38128686	0
chr21	38134687	38134711	2
chr21	38143962	38143986	0
chr21	38253562	38253586	2
chr21	38253612	38253636	2
chr21	38254362	38254386	2
chr21	38254562	38254586	4
chr21	38256337	38256361	2
chr21	38264687	38264711	0
chr21	38272112	38272136	0
chr21	38272737	38272761	0
chr21	38274787	38274811	2
chr21	38283962	38283986	4
chr21	38293462	38293486	3
chr21	38312137	38312161	0
chr21	38312187	38312211	0
chr21	38326512	38326536	0
chr21	38330337	38330361	2
chr21	38330862	38330886	0
chr21	38338137	38338161	0
chr21	38338987	38339011	0
chr21	38339037	38339061	4
chr21	38339312	38339336	1
chr21	38339412	38339436	2
chr21	38348112	38348136	1
chr21	38352987	38353011	0
chr21	38353037	38353061	0
chr21	38366687	38366711	0
chr21	38382462	38382486	1
chr21	38432112	38432136	0
chr21	38443312	38443336	2
chr21	38445612	38445636	0
chr21	38548087	38548111	0
chr21	38548162	38548186	1
chr21	38576087	38576111	2
chr21	38593112	38593136	0
chr21	38593137	38593161	0
chr21	38593187	38593211	0
chr21	38593212	38593236	0
chr21	38593237	38593261	0
chr21	38593262	38593286	0
chr21	38593337	38593361	0
chr21	38593362	38593386	0
chr21	38593387	38593411	0
chr21	38593412	38593436	0
chr21	38593437	38593461	2
chr21	38597862	38597886	4
chr21	38603262	38603286	0
chr21	38630112	38630136	4
chr21	38630687	38630711	2
chr21	38638287	38638311	0
chr21	38638312	38638336	3
chr21	38638362	38638386	8
chr21	38639812	38639836	6
chr21	38639837	38639861	4
chr21	38639862	38639886	2
chr21	38640437	38640461	3
chr21	38655762	38655786	3
chr21	38657512	38657536	0
chr21	38663412	38663436	0
chr21	38732912	38732936	1
chr21	38732987	38733011	2
chr21	38739812	38739836	4
chr21	38740412	38740436	3
chr21	38936112	38936136	3
chr21	38953962	38953986	1
chr21	38964237	38964261	0
chr21	39018887	39018911	0
chr21	39018987	39019011	0
chr21	39058537	39058561	0
chr21	39066337	39066361	1
chr21	39066362	39066386	2
chr21	39086987	39087011	0
chr21	39135187	39135211	0
chr21	39135212	39135236	0
chr21	39135337	39135361	1
chr21	39167937	39167961	2
chr21	39204687	39204711	0
chr21	39248062	39248086	0
chr21	39250962	39250986	0
chr21	39269287	39269311	1
chr21	39334787	39334811	1
chr21	39348812	39348836	1
chr21	39660962	39660986	0
chr21	39673512	39673536	1
chr21	39673662	39673686	1
chr21	39676737	39676761	0
chr21	39686537	39686561	1
chr21	39686587	39686611	0
chr21	39691187	39691211	2
chr21	39724462	39724486	0
chr21	39726237	39726261	3
chr21	39809262	39809286	1
chr21	39814362	39814386	1
chr21	39862587	39862611	1
chr21	39862637	39862661	1
chr21	39867387	39867411	1
chr21	39915937	39915961	1
chr21	39949437	39949461	1
chr21	39959462	39959486	0
chr21	39971512	39971536	0
chr21	39975987	39976011	1
chr21	40008312	40008336	0
chr21	40008637	40008661	0
chr21	40033362	40033386	5
chr21	40116462	40116486	4
chr21	40116637	40116661	2
chr21	40117562	40117586	2
chr21	40128487	40128511	2
chr21	40177137	40177161	6
chr21	40177162	40177186	4
chr21	40177187	40177211	3
chr21	40177337	40177361	6
chr21	40177362	40177386	2
chr21	40177387	40177411	6
chr21	40177412	40177436	6
chr21	40177437	40177461	10
chr21	40177462	40177486	4
chr21	40177487	40177511	2
chr21	40177512	40177536	2
chr21	40177537	40177561	1
chr21	40177837	40177861	2
chr21	40177862	40177886	4
chr21	40177887	40177911	4
chr21	40177962	40177986	8
chr21	40177987	40178011	10
chr21	40178012	40178036	8
chr21	40178037	40178061	4
chr21	40178062	40178086	4
chr21	40178087	40178111	2
chr21	40178112	40178136	6
chr21	40178137	40178161	7
chr21	40178162	40178186	1
chr21	40178187	40178211	4
chr21	40178212	40178236	3
chr21	40178262	40178286	1
chr21	40178287	40178311	6
chr21	40178312	40178336	10
chr21	40178337	40178361	8
chr21	40178362	40178386	2
chr21	40178412	40178436	8
chr21	40178437	40178461	4
chr21	40178462	40178486	6
chr21	40178512	40178536	2
chr21	40178537	40178561	1
chr21	40178562	40178586	5
chr21	40178587	40178611	3
chr21	40316562	40316586	1
chr21	40316662	40316686	2
chr21	40374737	40374761	4
chr21	40464062	40464086	0
chr21	40467862	40467886	2
chr21	40510762	40510786	2
chr21	40555087	40555111	0
chr21	40555112	40555136	0
chr21	40555137	40555161	0
chr21	40555162	40555186	3
chr21	40555187	40555211	3
chr21	40555212	40555236	6
chr21	40555237	40555261	2
chr21	40555262	40555286	6
chr21	40555287	40555311	6
chr21	40555312	40555336	5
chr21	40555712	40555736	1
chr21	40555737	40555761	2
chr21	40555762	40555786	3
chr21	40555787	40555811	3
chr21	40555812	40555836	7
chr21	40555837	40555861	2
chr21	40555862	40555886	8
chr21	40555887	40555911	1
chr21	40600212	40600236	0
chr21	40627112	40627136	4
chr21	40684762	40684786	2
chr21	40684787	40684811	2
chr21	40685212	40685236	2
chr21	40685687	40685711	0
chr21	40686237	40686261	2
chr21	40720562	40720586	2
chr21	40720587	40720611	10
chr21	40720612	40720636	5
chr21	40720637	40720661	4
chr21	40720662	40720686	6
chr21	40720687	40720711	5
chr21	40720712	40720736	0
chr21	40720737	40720761	0
chr21	40720762	40720786	2
chr21	40720787	40720811	7
chr21	40720812	40720836	8
chr21	40720837	40720861	6
chr21	40720862	40720886	5
chr21	40720887	40720911	5
chr21	40720912	40720936	11
chr21	40720937	40720961	2
chr21	40720962	40720986	6
chr21	40720987	40721011	4
chr21	40721062	40721086	1
chr21	40721087	40721111	2
chr21	40721112	40721136	4
chr21	40721187	40721211	4
chr21	40721212	40721236	8
chr21	40721237	40721261	2
chr21	40721262	40721286	5
chr21	40721287	40721311	6
chr21	40721312	40721336	7
chr21	40721337	40721361	10
chr21	40721387	40721411	2
chr21	40721412	40721436	1
chr21	40738287	40738311	0
chr21	40752412	40752436	2
chr21	40775462	40775486	2
chr21	40813087	40813111	0
chr21	40817362	40817386	2
chr21	40817387	40817411	2
chr21	40817412	40817436	3
chr21	40817462	40817486	0
chr21	40817487	40817511	0
chr21	40817537	40817561	2
chr21	40817562	40817586	0
chr21	40817612	40817636	6
chr21	40817637	40817661	8
chr21	40817662	40817686	7
chr21	40817687	40817711	8
chr21	40817712	40817736	8
chr21	40817737	40817761	6
chr21	40817812	40817836	2
chr21	40822337	40822361	0
chr21	40868387	40868411	3
chr21	40873912	40873936	2
chr21	40891362	40891386	2
chr21	40984962	40984986	4
chr21	41045387	41045411	2
chr21	41122887	41122911	1
chr21	41143787	41143811	2
chr21	41143837	41143861	2
chr21	41144112	41144136	1
chr21	41241912	41241936	2
chr21	41413512	41413536	2
chr21	41455037	41455061	2
chr21	41488712	41488736	2
chr21	41488812	41488836	2
chr21	41516462	41516486	3
chr21	41577437	41577461	2
chr21	41663562	41663586	1
chr21	41676562	41676586	0
chr21	41677237	41677261	1
chr21	41752887	41752911	1
chr21	41755362	41755386	1
chr21	41853262	41853286	1
chr21	41853337	41853361	1
chr21	41883762	41883786	2
chr21	41911212	41911236	2
chr21	41911262	41911286	2
chr21	41949487	41949511	2
chr21	42077812	42077836	1
chr21	42144762	42144786	0
chr21	42194012	42194036	2
chr21	42219062	42219086	3
chr21	42441062	42441086	2
chr21	42576237	42576261	1
chr21	42621812	42621836	2
chr21	42722737	42722761	0
chr21	42732512	42732536	2
chr21	42732687	42732711	2
chr21	42751712	42751736	1
chr21	42760112	42760136	0
chr21	42760287	42760311	1
chr21	42792312	42792336	5
chr21	42792487	42792511	2
chr21	42801687	42801711	4
chr21	42813487	42813511	1
chr21	42820487	42820511	1
chr21	42845337	42845361	1
chr21	42850712	42850736	0
chr21	42855412	42855436	2
chr21	42879812	42879836	1
chr21	42879937	42879961	1
chr21	42880512	42880536	0
chr21	42919687	42919711	1
chr21	42924987	42925011	0
chr21	42932812	42932836	0
chr21	42938012	42938036	1
chr21	43022762	43022786	1
chr21	43025212	43025236	1
chr21	43042087	43042111	0
chr21	43090562	43090586	2
chr21	43107462	43107486	1
chr21	43109537	43109561	5
chr21	43109562	43109586	2
chr21	43146137	43146161	2
chr21	43146262	43146286	0
chr21	43146862	43146886	1
chr21	43160837	43160861	3
chr21	43161162	43161186	0
chr21	43161187	43161211	0
chr21	43162087	43162111	0
chr21	43166237	43166261	1
chr21	43189062	43189086	2
chr21	43198237	43198261	1
chr21	43198637	43198661	2
chr21	43198687	43198711	1
chr21	43222887	43222911	3
chr21	43236312	43236336	2
chr21	43236337	43236361	2
chr21	43236362	43236386	2
chr21	43236412	43236436	1
chr21	43236437	43236461	5
chr21	43236462	43236486	3
chr21	43245087	43245111	0
chr21	43281762	43281786	4
chr21	43299362	43299386	2
chr21	43312987	43313011	0
chr21	43319362	43319386	3
chr21	43327987	43328011	4
chr21	43328012	43328036	2
chr21	43334687	43334711	0
chr21	43336537	43336561	1
chr21	43344537	43344561	1
chr21	43351237	43351261	0
chr21	43362037	43362061	2
chr21	43364412	43364436	0
chr21	43373487	43373511	0
chr21	43373612	43373636	8
chr21	43373637	43373661	4
chr21	43373687	43373711	11
chr21	43373737	43373761	1
chr21	43373812	43373836	7
chr21	43373837	43373861	8
chr21	43373862	43373886	8
chr21	43380062	43380086	1
chr21	43380237	43380261	1
chr21	43429412	43429436	4
chr21	43429437	43429461	2
chr21	43429612	43429636	3
chr21	43429687	43429711	1
chr21	43430062	43430086	2
chr21	43430312	43430336	2
chr21	43430337	43430361	2
chr21	43431137	43431161	4
chr21	43431512	43431536	2
chr21	43442187	43442211	1
chr21	43442337	43442361	2
chr21	43488112	43488136	2
chr21	43524312	43524336	0
chr21	43526012	43526036	0
chr21	43526037	43526061	0
chr21	43534062	43534086	0
chr21	43543212	43543236	3
chr21	43558237	43558261	2
chr21	43558262	43558286	2
chr21	43560837	43560861	0
chr21	43578187	43578211	1
chr21	43605312	43605336	4
chr21	43639012	43639036	0
chr21	43639037	43639061	2
chr21	43639062	43639086	8
chr21	43639112	43639136	2
chr21	43639137	43639161	2
chr21	43639187	43639211	10
chr21	43639212	43639236	7
chr21	43639237	43639261	1
chr21	43639262	43639286	4
chr21	43639312	43639336	3
chr21	43639337	43639361	8
chr21	43639362	43639386	3
chr21	43639387	43639411	0
chr21	43639412	43639436	0
chr21	43639437	43639461	2
chr21	43639487	43639511	2
chr21	43639537	43639561	2
chr21	43639662	43639686	4
chr21	43639687	43639711	2
chr21	43639737	43639761	4
chr21	43639812	43639836	5
chr21	43639862	43639886	6
chr21	43640037	43640061	2
chr21	43640062	43640086	5
chr21	43640087	43640111	4
chr21	43654687	43654711	0
chr21	43655137	43655161	2
chr21	43672637	43672661	1
chr21	43681137	43681161	1
chr21	43692737	43692761	1
chr21	43693262	43693286	4
chr21	43694812	43694836	1
chr21	43699112	43699136	2
chr21	43699637	43699661	2
chr21	43699862	43699886	0
chr21	43699937	43699961	2
chr21	43701562	43701586	1
chr21	43704512	43704536	2
chr21	43704587	43704611	2
chr21	43707962	43707986	2
chr21	43721687	43721711	6
chr21	43726187	43726211	2
chr21	43726212	43726236	0
chr21	43726237	43726261	0
chr21	43726262	43726286	0
chr21	43726987	43727011	0
chr21	43730812	43730836	2
chr21	43735487	43735511	3
chr21	43766712	43766736	2
chr21	43767562	43767586	0
chr21	43769887	43769911	2
chr21	43785037	43785061	0
chr21	43786687	43786711	2
chr21	43790987	43791011	2
chr21	43791387	43791411	0
chr21	43791487	43791511	2
chr21	43810387	43810411	1
chr21	43810537	43810561	1
chr21	43816237	43816261	1
chr21	43820062	43820086	2
chr21	43833637	43833661	0
chr21	43864637	43864661	2
chr21	43867387	43867411	0
chr21	43867487	43867511	2
chr21	43867587	43867611	1
chr21	43874762	43874786	1
chr21	43897212	43897236	0
chr21	43897312	43897336	1
chr21	44000837	44000861	1
chr21	44012887	44012911	1
chr21	44013312	44013336	1
chr21	44013437	44013461	4
chr21	44021462	44021486	1
chr21	44037312	44037336	0
chr21	44037337	44037361	0
chr21	44037362	44037386	0
chr21	44037412	44037436	0
chr21	44037437	44037461	0
chr21	44040162	44040186	1
chr21	44052562	44052586	2
chr21	44054237	44054261	0
chr21	44069687	44069711	1
chr21	44073437	44073461	2
chr21	44073512	44073536	0
chr21	44073762	44073786	4
chr21	44074012	44074036	0
chr21	44080087	44080111	2
chr21	44086737	44086761	2
chr21	44089937	44089961	1
chr21	44105162	44105186	1
chr21	44105737	44105761	0
chr21	44106387	44106411	3
chr21	44106412	44106436	3
chr21	44106487	44106511	2
chr21	44106512	44106536	4
chr21	44106537	44106561	4
chr21	44106587	44106611	4
chr21	44106637	44106661	1
chr21	44112487	44112511	2
chr21	44112762	44112786	2
chr21	44152462	44152486	2
chr21	44152787	44152811	4
chr21	44152812	44152836	2
chr21	44164112	44164136	1
chr21	44165037	44165061	2
chr21	44212837	44212861	2
chr21	44274687	44274711	3
chr21	44277437	44277461	5
chr21	44289862	44289886	2
chr21	44299137	44299161	2
chr21	44299737	44299761	2
chr21	44300562	44300586	4
chr21	44300587	44300611	2
chr21	44314237	44314261	1
chr21	44316612	44316636	2
chr21	44335412	44335436	1
chr21	44342662	44342686	1
chr21	44345137	44345161	3
chr21	44346162	44346186	0
chr21	44355862	44355886	3
chr21	44356012	44356036	2
chr21	44357412	44357436	0
chr21	44359487	44359511	1
chr21	44361737	44361761	1
chr21	44366912	44366936	0
chr21	44373662	44373686	2
chr21	44379762	44379786	1
chr21	44449737	44449761	2
chr21	44477837	44477861	2
chr21	44477862	44477886	1
chr21	44477887	44477911	2
chr21	44477912	44477936	1
chr21	44477937	44477961	1
chr21	44482737	44482761	0
chr21	44483787	44483811	0
chr21	44486212	44486236	0
chr21	44486262	44486286	0
chr21	44486287	44486311	2
chr21	44486337	44486361	1
chr21	44494187	44494211	0
chr21	44503287	44503311	0
chr21	44537462	44537486	0
chr21	44561262	44561286	0
chr21	44573687	44573711	2
chr21	44573937	44573961	0
chr21	44573987	44574011	0
chr21	44577312	44577336	0
chr21	44582337	44582361	4
chr21	44585962	44585986	1
chr21	44590562	44590586	2
chr21	44591362	44591386	4
chr21	44630487	44630511	2
chr21	44630512	44630536	1
chr21	44631537	44631561	1
chr21	44631637	44631661	2
chr21	44631662	44631686	0
chr21	44698862	44698886	0
chr21	44711012	44711036	1
chr21	44711212	44711236	0
chr21	44711537	44711561	2
chr21	44711912	44711936	1
chr21	44717662	44717686	2
chr21	44719737	44719761	0
chr21	44722137	44722161	2
chr21	44722187	44722211	3
chr21	44724662	44724686	1
chr21	44742337	44742361	0
chr21	44742387	44742411	0
chr21	44743562	44743586	2
chr21	44745462	44745486	0
chr21	44749312	44749336	4
chr21	44750637	44750661	2
chr21	44763712	44763736	0
chr21	44765412	44765436	4
chr21	44765462	44765486	2
chr21	44766837	44766861	4
chr21	44773362	44773386	0
chr21	44777687	44777711	0
chr21	44780112	44780136	2
chr21	44783537	44783561	2
chr21	44783662	44783686	2
chr21	44799612	44799636	0
chr21	44799662	44799686	0
chr21	44803387	44803411	0
chr21	44806737	44806761	0
chr21	44823212	44823236	0
chr21	44823662	44823686	1
chr21	44827837	44827861	1
chr21	44829562	44829586	4
chr21	44831037	44831061	0
chr21	44831062	44831086	0
chr21	44832737	44832761	2
chr21	44840112	44840136	1
chr21	44840137	44840161	2
chr21	44840162	44840186	6
chr21	44840212	44840236	5
chr21	44840262	44840286	1
chr21	44840362	44840386	5
chr21	44840387	44840411	5
chr21	44840437	44840461	2
chr21	44841412	44841436	3
chr21	44846362	44846386	3
chr21	44846937	44846961	5
chr21	44847437	44847461	0
chr21	44847787	44847811	3
chr21	44852537	44852561	2
chr21	44857662	44857686	4
chr21	44865412	44865436	4
chr21	44865462	44865486	2
chr21	44865487	44865511	4
chr21	44865512	44865536	4
chr21	44865537	44865561	2
chr21	44865612	44865636	4
chr21	44865637	44865661	1
chr21	44871937	44871961	0
chr21	44873087	44873111	1
chr21	44875762	44875786	0
chr21	44876487	44876511	1
chr21	44880612	44880636	2
chr21	44897537	44897561	2
chr21	44898812	44898836	2
chr21	44899437	44899461	3
chr21	44899762	44899786	1
chr21	44899837	44899861	2
chr21	44902737	44902761	0
chr21	44912012	44912036	0
chr21	44912062	44912086	0
chr21	44931937	44931961	2
chr21	45002287	45002311	0
chr21	45025962	45025986	0
chr21	45063612	45063636	0
chr21	45076987	45077011	1
chr21	45077762	45077786	3
chr21	45077937	45077961	4
chr21	45079787	45079811	8
chr21	45079887	45079911	0
chr21	45093262	45093286	2
chr21	45101462	45101486	1
chr21	45120637	45120661	0
chr21	45122612	45122636	0
chr21	45122712	45122736	2
chr21	45126837	45126861	0
chr21	45139037	45139061	8
chr21	45139162	45139186	2
chr21	45139512	45139536	0
chr21	45149012	45149036	2
chr21	45152012	45152036	0
chr21	45155162	45155186	2
chr21	45159812	45159836	0
chr21	45170312	45170336	2
chr21	45170387	45170411	2
chr21	45176062	45176086	0
chr21	45180562	45180586	2
chr21	45180637	45180661	4
chr21	45184362	45184386	1
chr21	45184512	45184536	1
chr21	45188187	45188211	0
chr21	45188737	45188761	1
chr21	45193112	45193136	1
chr21	45195262	45195286	2
chr21	45196962	45196986	3
chr21	45201737	45201761	0
chr21	45209462	45209486	4
chr21	45209612	45209636	0
chr21	45209637	45209661	0
chr21	45222362	45222386	0
chr21	45224662	45224686	2
chr21	45229762	45229786	0
chr21	45233562	45233586	0
chr21	45235012	45235036	1
chr21	45235312	45235336	2
chr21	45237237	45237261	1
chr21	45240962	45240986	0
chr21	45246912	45246936	1
chr21	45247087	45247111	1
chr21	45249237	45249261	2
chr21	45250262	45250286	2
chr21	45273962	45273986	1
chr21	45274312	45274336	1
chr21	45274862	45274886	1
chr21	45276837	45276861	2
chr21	45284762	45284786	3
chr21	45285662	45285686	8
chr21	45285787	45285811	2
chr21	45292687	45292711	1
chr21	45292712	45292736	1
chr21	45293062	45293086	1
chr21	45293112	45293136	2
chr21	45301712	45301736	2
chr21	45301737	45301761	2
chr21	45305662	45305686	1
chr21	45308662	45308686	2
chr21	45317587	45317611	0
chr21	45319637	45319661	0
chr21	45324237	45324261	2
chr21	45324337	45324361	2
chr21	45325137	45325161	2
chr21	45329587	45329611	2
chr21	45336962	45336986	2
chr21	45348237	45348261	3
chr21	45350087	45350111	2
chr21	45350162	45350186	2
chr21	45352512	45352536	2
chr21	45355262	45355286	1
chr21	45355287	45355311	1
chr21	45360862	45360886	3
chr21	45363487	45363511	0
chr21	45363512	45363536	0
chr21	45363537	45363561	0
chr21	45363562	45363586	0
chr21	45363612	45363636	7
chr21	45363687	45363711	2
chr21	45372437	45372461	2
chr21	45372512	45372536	2
chr21	45390062	45390086	2
chr21	45390112	45390136	2
chr21	45481137	45481161	2
chr21	45494287	45494311	1
chr21	45523262	45523286	4
chr21	45527012	45527036	0
chr21	45527162	45527186	1
chr21	45527512	45527536	0
chr21	45527812	45527836	2
chr21	45533262	45533286	2
chr21	45535737	45535761	3
chr21	45536337	45536361	1
chr21	45539187	45539211	0
chr21	45540312	45540336	4
chr21	45541487	45541511	1
chr21	45546787	45546811	1
chr21	45553112	45553136	2
chr21	45553212	45553236	5
chr21	45553237	45553261	2
chr21	45553262	45553286	3
chr21	45553287	45553311	2
chr21	45553312	45553336	0
chr21	45553337	45553361	0
chr21	45553362	45553386	0
chr21	45553387	45553411	0
chr21	45553412	45553436	0
chr21	45553862	45553886	0
chr21	45553887	45553911	0
chr21	45553912	45553936	0
chr21	45553937	45553961	0
chr21	45559462	45559486	6
chr21	45559487	45559511	5
chr21	45559512	45559536	2
chr21	45559612	45559636	2
chr21	45559687	45559711	2
chr21	45563162	45563186	0
chr21	45563187	45563211	3
chr21	45564212	45564236	0
chr21	45569362	45569386	0
chr21	45575637	45575661	2
chr21	45592837	45592861	4
chr21	45593762	45593786	2
chr21	45595812	45595836	0
chr21	45601187	45601211	2
chr21	45605262	45605286	3
chr21	45619937	45619961	0
chr21	45622462	45622486	0
chr21	45622662	45622686	0
chr21	45626987	45627011	2
chr21	45627162	45627186	1
chr21	45639362	45639386	2
chr21	45641137	45641161	2
chr21	45642087	45642111	1
chr21	45642112	45642136	2
chr21	45647162	45647186	4
chr21	45647712	45647736	1
chr21	45649287	45649311	1
chr21	45652787	45652811	2
chr21	45660587	45660611	4
chr21	45661012	45661036	0
chr21	45661037	45661061	0
chr21	45661062	45661086	0
chr21	45661137	45661161	7
chr21	45661162	45661186	5
chr21	45661187	45661211	8
chr21	45661212	45661236	0
chr21	45661262	45661286	0
chr21	45661787	45661811	1
chr21	45662087	45662111	1
chr21	45662112	45662136	4
chr21	45662137	45662161	2
chr21	45662162	45662186	8
chr21	45662187	45662211	5
chr21	45662237	45662261	4
chr21	45662312	45662336	0
chr21	45662387	45662411	0
chr21	45662437	45662461	3
chr21	45662462	45662486	1
chr21	45662487	45662511	2
chr21	45662662	45662686	2
chr21	45662687	45662711	2
chr21	45662712	45662736	4
chr21	45662737	45662761	0
chr21	45662812	45662836	2
chr21	45662837	45662861	0
chr21	45662862	45662886	0
chr21	45662887	45662911	4
chr21	45662912	45662936	7
chr21	45662937	45662961	2
chr21	45662962	45662986	2
chr21	45670512	45670536	0
chr21	45673762	45673786	2
chr21	45673862	45673886	2
chr21	45674287	45674311	1
chr21	45677312	45677336	1
chr21	45681762	45681786	2
chr21	45687862	45687886	2
chr21	45687912	45687936	2
chr21	45687987	45688011	4
chr21	45691237	45691261	2
chr21	45697437	45697461	1
chr21	45702062	45702086	0
chr21	45705612	45705636	0
chr21	45705662	45705686	0
chr21	45705737	45705761	6
chr21	45705862	45705886	6
chr21	45705887	45705911	10
chr21	45707212	45707236	3
chr21	45710287	45710311	0
chr21	45711337	45711361	0
chr21	45719637	45719661	0
chr21	45719662	45719686	0
chr21	45719687	45719711	0
chr21	45719762	45719786	2
chr21	45719837	45719861	0
chr21	45719862	45719886	0
chr21	45719912	45719936	6
chr21	45719937	45719961	5
chr21	45720012	45720036	5
chr21	45720037	45720061	3
chr21	45720062	45720086	4
chr21	45720312	45720336	4
chr21	45720337	45720361	0
chr21	45720362	45720386	0
chr21	45720387	45720411	4
chr21	45720437	45720461	4
chr21	45731687	45731711	1
chr21	45732762	45732786	3
chr21	45734337	45734361	0
chr21	45747987	45748011	2
chr21	45748187	45748211	4
chr21	45749937	45749961	0
chr21	45750187	45750211	0
chr21	45750437	45750461	0
chr21	45750812	45750836	0
chr21	45751612	45751636	1
chr21	45755562	45755586	1
chr21	45755787	45755811	1
chr21	45762012	45762036	1
chr21	45768512	45768536	2
chr21	45769837	45769861	2
chr21	45771137	45771161	0
chr21	45772162	45772186	4
chr21	45775937	45775961	1
chr21	45786837	45786861	3
chr21	45789962	45789986	3
chr21	45795362	45795386	4
chr21	45838312	45838336	2
chr21	45845262	45845286	4
chr21	45845312	45845336	2
chr21	45845512	45845536	1
chr21	45845562	45845586	0
chr21	45847612	45847636	4
chr21	45855162	45855186	1
chr21	45860262	45860286	4
chr21	45869462	45869486	2
chr21	45875112	45875136	0
chr21	45876137	45876161	2
chr21	45876312	45876336	0
chr21	45876687	45876711	1
chr21	45876812	45876836	2
chr21	45879762	45879786	1
chr21	45880537	45880561	0
chr21	45881612	45881636	2
chr21	45883662	45883686	7
chr21	45883837	45883861	0
chr21	45883862	45883886	0
chr21	45883887	45883911	0
chr21	45922837	45922861	0
chr21	45923212	45923236	1
chr21	45923237	45923261	1
chr21	45923662	45923686	1
chr21	45923712	45923736	1
chr21	45930112	45930136	0
chr21	45930187	45930211	1
chr21	45930387	45930411	1
chr21	45930612	45930636	0
chr21	45931837	45931861	2
chr21	45933862	45933886	0
chr21	45941187	45941211	1
chr21	45971612	45971636	1
chr21	45976187	45976211	0
chr21	45978012	45978036	2
chr21	45996037	45996061	2
chr21	45996112	45996136	3
chr21	46009787	46009811	2
chr21	46012587	46012611	2
chr21	46012762	46012786	2
chr21	46033312	46033336	1
chr21	46034362	46034386	2
chr21	46047437	46047461	0
chr21	46048462	46048486	1
chr21	46055012	46055036	4
chr21	46068987	46069011	0
chr21	46072187	46072211	4
chr21	46080912	46080936	3
chr21	46106387	46106411	1
chr21	46107312	46107336	2
chr21	46107887	46107911	2
chr21	46107912	46107936	2
chr21	46108337	46108361	0
chr21	46109112	46109136	0
chr21	46114787	46114811	1
chr21	46117262	46117286	0
chr21	46117287	46117311	0
chr21	46122162	46122186	2
chr21	46130912	46130936	1
chr21	46131687	46131711	0
chr21	46143212	46143236	0
chr21	46143487	46143511	6
chr21	46143512	46143536	6
chr21	46143537	46143561	4
chr21	46143562	46143586	4
chr21	46169287	46169311	2
chr21	46171362	46171386	2
chr21	46172362	46172386	2
chr21	46179512	46179536	0
chr21	46183762	46183786	0
chr21	46184037	46184061	0
chr21	46220962	46220986	2
chr21	46221012	46221036	4
chr21	46221387	46221411	3
chr21	46221412	46221436	2
chr21	46221437	46221461	6
chr21	46221462	46221486	10
chr21	46221487	46221511	2
chr21	46221512	46221536	1
chr21	46221662	46221686	0
chr21	46221687	46221711	0
chr21	46221787	46221811	0
chr21	46221837	46221861	0
chr21	46222162	46222186	1
chr21	46222212	46222236	2
chr21	46222237	46222261	6
chr21	46222287	46222311	4
chr21	46222312	46222336	8
chr21	46222337	46222361	3
chr21	46232737	46232761	1
chr21	46234912	46234936	2
chr21	46235687	46235711	0
chr21	46235712	46235736	0
chr21	46235762	46235786	0
chr21	46237362	46237386	1
chr21	46237887	46237911	5
chr21	46238387	46238411	3
chr21	46244312	46244336	0
chr21	46244462	46244486	1
chr21	46244737	46244761	1
chr21	46244837	46244861	2
chr21	46244912	46244936	2
chr21	46252487	46252511	0
chr21	46257287	46257311	1
chr21	46257987	46258011	0
chr21	46260637	46260661	0
chr21	46260962	46260986	2
chr21	46263862	46263886	0
chr21	46263962	46263986	1
chr21	46283937	46283961	2
chr21	46283962	46283986	1
chr21	46290187	46290211	0
chr21	46306562	46306586	6
chr21	46306587	46306611	4
chr21	46306612	46306636	3
chr21	46306637	46306661	2
chr21	46306687	46306711	3
chr21	46317912	46317936	1
chr21	46320012	46320036	2
chr21	46320462	46320486	0
chr21	46320487	46320511	0
chr21	46321462	46321486	0
chr21	46339587	46339611	3
chr21	46351087	46351111	2
chr21	46351762	46351786	1
chr21	46353562	46353586	2
chr21	46353587	46353611	4
chr21	46353862	46353886	2
chr21	46359687	46359711	1
chr21	46359712	46359736	2
chr21	46359737	46359761	4
chr21	46359762	46359786	2
chr21	46359787	46359811	10
chr21	46359812	46359836	6
chr21	46359837	46359861	8
chr21	46359962	46359986	1
chr21	46359987	46360011	3
chr21	46360012	46360036	2
chr21	46360037	46360061	2
chr21	46360062	46360086	0
chr21	46360087	46360111	0
chr21	46360112	46360136	2
chr21	46360137	46360161	0
chr21	46360312	46360336	2
chr21	46360337	46360361	2
chr21	46360362	46360386	2
chr21	46360387	46360411	2
chr21	46369162	46369186	0
chr21	46369237	46369261	3
chr21	46369262	46369286	1
chr21	46369287	46369311	1
chr21	46369337	46369361	1
chr21	46369362	46369386	1
chr21	46369387	46369411	6
chr21	46369437	46369461	2
chr21	46371962	46371986	0
chr21	46388162	46388186	0
chr21	46388187	46388211	0
chr21	46392237	46392261	2
chr21	46392262	46392286	1
chr21	46392287	46392311	3
chr21	46396087	46396111	1
chr21	46396137	46396161	2
chr21	46401537	46401561	3
chr21	46406212	46406236	1
chr21	46406887	46406911	2
chr21	46406937	46406961	1
chr21	46407587	46407611	2
chr21	46407687	46407711	2
chr21	46407812	46407836	2
chr21	46407912	46407936	4
chr21	46407937	46407961	4
chr21	46408837	46408861	1
chr21	46411112	46411136	1
chr21	46418712	46418736	0
chr21	46419737	46419761	4
chr21	46419812	46419836	2
chr21	46432387	46432411	1
chr21	46433187	46433211	1
chr21	46436237	46436261	4
chr21	46438762	46438786	1
chr21	46439112	46439136	1
chr21	46440337	46440361	1
chr21	46453362	46453386	2
chr21	46453387	46453411	2
chr21	46460837	46460861	0
chr21	46475262	46475286	3
chr21	46494287	46494311	8
chr21	46494312	46494336	10
chr21	46494337	46494361	4
chr21	46494362	46494386	6
chr21	46494387	46494411	12
chr21	46494412	46494436	5
chr21	46494437	46494461	4
chr21	46494462	46494486	2
chr21	46494487	46494511	3
chr21	46494512	46494536	7
chr21	46494537	46494561	3
chr21	46494562	46494586	6
chr21	46494587	46494611	5
chr21	46494612	46494636	3
chr21	46494637	46494661	5
chr21	46494662	46494686	4
chr21	46494687	46494711	5
chr21	46494712	46494736	6
chr21	46494737	46494761	4
chr21	46494812	46494836	4
chr21	46494837	46494861	8
chr21	46494862	46494886	8
chr21	46494887	46494911	6
chr21	46494937	46494961	8
chr21	46494962	46494986	9
chr21	46494987	46495011	12
chr21	46495012	46495036	8
chr21	46495037	46495061	4
chr21	46495062	46495086	2
chr21	46495087	46495111	5
chr21	46495112	46495136	4
chr21	46495137	46495161	2
chr21	46495162	46495186	1
chr21	46495187	46495211	2
chr21	46495212	46495236	3
chr21	46495262	46495286	0
chr21	46495312	46495336	0
chr21	46495337	46495361	0
chr21	46495362	46495386	0
chr21	46495387	46495411	0
chr21	46495412	46495436	0
chr21	46520962	46520986	2
chr21	46551487	46551511	2
chr21	46553637	46553661	0
chr21	46553662	46553686	0
chr21	46553687	46553711	0
chr21	46554037	46554061	7
chr21	46554137	46554161	5
chr21	46554187	46554211	0
chr21	46554212	46554236	0
chr21	46554262	46554286	8
chr21	46554287	46554311	4
chr21	46554312	46554336	3
chr21	46554387	46554411	3
chr21	46620862	46620886	0
chr21	46676637	46676661	1
chr21	46677337	46677361	2
chr21	46689812	46689836	2
chr21	46706787	46706811	2
chr21	46706812	46706836	5
chr21	46706862	46706886	4
chr21	46708337	46708361	6
chr21	46708487	46708511	0
chr21	46715537	46715561	2
chr21	46728487	46728511	1
chr21	46737762	46737786	1
chr21	46748862	46748886	3
chr21	46767362	46767386	0
chr21	46772762	46772786	4
chr21	46777887	46777911	1
chr21	46777937	46777961	1
chr21	46778387	46778411	1
chr21	46782412	46782436	2
chr21	46785062	46785086	2
chr21	46785112	46785136	4
chr21	46804187	46804211	2
chr21	46810537	46810561	4
chr21	46812562	46812586	2
chr21	46813037	46813061	0
chr21	46813237	46813261	2
chr21	46822437	46822461	2
chr21	46824112	46824136	0
chr21	46824337	46824361	0
chr21	46824687	46824711	2
chr21	46824712	46824736	5
chr21	46824737	46824761	4
chr21	46824762	46824786	4
chr21	46824787	46824811	8
chr21	46824837	46824861	7
chr21	46824862	46824886	0
chr21	46824887	46824911	0
chr21	46824962	46824986	5
chr21	46824987	46825011	4
chr21	46825012	46825036	1
chr21	46825062	46825086	12
chr21	46825087	46825111	8
chr21	46825112	46825136	8
chr21	46825137	46825161	4
chr21	46825187	46825211	6
chr21	46825212	46825236	11
chr21	46825287	46825311	0
chr21	46825312	46825336	0
chr21	46825687	46825711	5
chr21	46825712	46825736	4
chr21	46825737	46825761	4
chr21	46825762	46825786	9
chr21	46825787	46825811	12
chr21	46825837	46825861	8
chr21	46825887	46825911	10
chr21	46825937	46825961	12
chr21	46826012	46826036	8
chr21	46826112	46826136	6
chr21	46826137	46826161	5
chr21	46829987	46830011	4
chr21	46831312	46831336	1
chr21	46835462	46835486	2
chr21	46835712	46835736	0
chr21	46836437	46836461	4
chr21	46838437	46838461	1
chr21	46839812	46839836	2
chr21	46839987	46840011	1
chr21	46843412	46843436	1
chr21	46843462	46843486	1
chr21	46846362	46846386	0
chr21	46846387	46846411	0
chr21	46846412	46846436	0
chr21	46846437	46846461	0
chr21	46846512	46846536	2
chr21	46850262	46850286	2
chr21	46850587	46850611	0
chr21	46850662	46850686	0
chr21	46850687	46850711	0
chr21	46850737	46850761	0
chr21	46853312	46853336	2
chr21	46853437	46853461	0
chr21	46854712	46854736	1
chr21	46855637	46855661	0
chr21	46858362	46858386	0
chr21	46860562	46860586	1
chr21	46869637	46869661	2
chr21	46870787	46870811	2
chr21	46875487	46875511	3
chr21	46876562	46876586	2
chr21	46876587	46876611	2
chr21	46878712	46878736	2
chr21	46879287	46879311	2
chr21	46889112	46889136	0
chr21	46890062	46890086	4
chr21	46891487	46891511	0
chr21	46891762	46891786	2
chr21	46892137	46892161	1
chr21	46892187	46892211	2
chr21	46892212	46892236	0
chr21	46894962	46894986	0
chr21	46896112	46896136	0
chr21	46900687	46900711	2
chr21	46902887	46902911	3
chr21	46906012	46906036	1
chr21	46909312	46909336	2
chr21	46913512	46913536	3
chr21	46913637	46913661	4
chr21	46913662	46913686	5
chr21	46914937	46914961	0
chr21	46916212	46916236	4
chr21	46923912	46923936	2
chr21	46924062	46924086	2
chr21	46924437	46924461	2
chr21	46925937	46925961	1
chr21	46925962	46925986	0
chr21	46929487	46929511	0
chr21	46929737	46929761	0
chr21	46929762	46929786	0
chr21	46929787	46929811	2
chr21	46929837	46929861	3
chr21	46929862	46929886	3
chr21	46929887	46929911	2
chr21	46936037	46936061	2
chr21	46949162	46949186	0
chr21	46950987	46951011	2
chr21	46951012	46951036	2
chr21	46951112	46951136	2
chr21	46951137	46951161	2
chr21	46951162	46951186	2
chr21	46951187	46951211	2
chr21	46951212	46951236	2
chr21	46951237	46951261	6
chr21	46951262	46951286	4
chr21	46951287	46951311	3
chr21	46951312	46951336	6
chr21	46951337	46951361	4
chr21	46951362	46951386	2
chr21	46951387	46951411	2
chr21	46951412	46951436	1
chr21	46951587	46951611	5
chr21	46951612	46951636	3
chr21	46951637	46951661	4
chr21	46951662	46951686	3
chr21	46951687	46951711	2
chr21	46951712	46951736	2
chr21	46951737	46951761	2
chr21	46951762	46951786	10
chr21	46951787	46951811	6
chr21	46951812	46951836	7
chr21	46951837	46951861	8
chr21	46951862	46951886	2
chr21	46951887	46951911	4
chr21	46951937	46951961	4
chr21	46951962	46951986	3
chr21	46951987	46952011	2
chr21	46952012	46952036	2
chr21	46952037	46952061	2
chr21	46952062	46952086	0
chr21	46952087	46952111	0
chr21	46952112	46952136	0
chr21	46952187	46952211	0
chr21	46952212	46952236	0
chr21	46952237	46952261	0
chr21	46953762	46953786	3
chr21	46955087	46955111	1
chr21	46955912	46955936	2
chr21	46955937	46955961	2
chr21	46955962	46955986	2
chr21	46955987	46956011	1
chr21	46956637	46956661	2
chr21	46956662	46956686	2
chr21	46962062	46962086	6
chr21	46962187	46962211	0
chr21	46962237	46962261	0
chr21	46962262	46962286	3
chr21	46962312	46962336	2
chr21	46962487	46962511	6
chr21	46962637	46962661	3
chr21	46962712	46962736	2
chr21	46962887	46962911	0
chr21	46972387	46972411	0
chr21	46974862	46974886	4
chr21	46979187	46979211	0
chr21	46979312	46979336	0
chr21	46993912	46993936	2
chr21	46994087	46994111	2
chr21	46996062	46996086	0
chr21	46996637	46996661	2
chr21	46997762	46997786	1
chr21	47010262	47010286	7
chr21	47010412	47010436	2
chr21	47014662	47014686	1
chr21	47019112	47019136	2
chr21	47025537	47025561	1
chr21	47029637	47029661	2
chr21	47035812	47035836	2
chr21	47062037	47062061	0
chr21	47062062	47062086	0
chr21	47062112	47062136	4
chr21	47062162	47062186	4
chr21	47062262	47062286	4
chr21	47062337	47062361	6
chr21	47062387	47062411	9
chr21	47062412	47062436	8
chr21	47062487	47062511	2
chr21	47062537	47062561	2
chr21	47062712	47062736	4
chr21	47062737	47062761	5
chr21	47063137	47063161	3
chr21	47063162	47063186	2
chr21	47063237	47063261	4
chr21	47063387	47063411	4
chr21	47063462	47063486	4
chr21	47063487	47063511	8
chr21	47063537	47063561	8
chr21	47063612	47063636	3
chr21	47063637	47063661	4
chr21	47063837	47063861	6
chr21	47204787	47204811	3
chr21	47204837	47204861	1
chr21	47209512	47209536	1
chr21	47209937	47209961	2
chr21	47240662	47240686	4
chr21	47242012	47242036	1
chr21	47290537	47290561	2
chr21	47316787	47316811	1
chr21	47329787	47329811	3
chr21	47334162	47334186	2
chr21	47334237	47334261	5
chr21	47334262	47334286	2
chr21	47334312	47334336	1
chr21	47334362	47334386	2
chr21	47334387	47334411	0
chr21	47334412	47334436	3
chr21	47343812	47343836	2
chr21	47360287	47360311	1
chr21	47362662	47362686	1
chr21	47367662	47367686	2
chr21	47370362	47370386	2
chr21	47392562	47392586	2
chr21	47392587	47392611	1
chr21	47392962	47392986	2
chr21	47393112	47393136	6
chr21	47393187	47393211	8
chr21	47393237	47393261	6
chr21	47393762	47393786	2
chr21	47393837	47393861	6
chr21	47393912	47393936	4
chr21	47393937	47393961	2
chr21	47394012	47394036	2
chr21	47394062	47394086	4
chr21	47394262	47394286	5
chr21	47394387	47394411	4
chr21	47401937	47401961	4
chr21	47402037	47402061	1
chr21	47402087	47402111	3
chr21	47403487	47403511	1
chr21	47409037	47409061	2
chr21	47409087	47409111	4
chr21	47409537	47409561	0
chr21	47409562	47409586	0
chr21	47409787	47409811	2
chr21	47409812	47409836	7
chr21	47409862	47409886	2
chr21	47412087	47412111	1
chr21	47412362	47412386	4
chr21	47413962	47413986	2
chr21	47414362	47414386	2
chr21	47422937	47422961	1
chr21	47426962	47426986	0
chr21	47430737	47430761	2
chr21	47430812	47430836	1
chr21	47430837	47430861	3
chr21	47430887	47430911	2
chr21	47455837	47455861	0
chr21	47456087	47456111	1
chr21	47457262	47457286	0
chr21	47457287	47457311	0
chr21	47457312	47457336	0
chr21	47457362	47457386	0
chr21	47457487	47457511	2
chr21	47457512	47457536	2
chr21	47457562	47457586	6
chr21	47457587	47457611	6
chr21	47457612	47457636	1
chr21	47458837	47458861	0
chr21	47458862	47458886	0
chr21	47459262	47459286	4
chr21	47459512	47459536	2
chr21	47475187	47475211	1
chr21	47475912	47475936	2
chr21	47501037	47501061	4
chr21	47501112	47501136	4
chr21	47501737	47501761	1
chr21	47501787	47501811	0
chr21	47502312	47502336	2
chr21	47503237	47503261	2
chr21	47513212	47513236	2
chr21	47517412	47517436	4
chr21	47532162	47532186	9
chr21	47532187	47532211	4
chr21	47532212	47532236	3
chr21	47532237	47532261	3
chr21	47532262	47532286	4
chr21	47532287	47532311	0
chr21	47532312	47532336	0
chr21	47532562	47532586	0
chr21	47532587	47532611	1
chr21	47532662	47532686	2
chr21	47539612	47539636	2
chr21	47540012	47540036	1
chr21	47541637	47541661	1
chr21	47545237	47545261	4
chr21	47546912	47546936	0
chr21	47546987	47547011	2
chr21	47549312	47549336	2
chr21	47550337	47550361	2
chr21	47552162	47552186	2
chr21	47556862	47556886	0
chr21	47565762	47565786	7
chr21	47565787	47565811	6
chr21	47565812	47565836	2
chr21	47565837	47565861	4
chr21	47565912	47565936	2
chr21	47565937	47565961	3
chr21	47565962	47565986	1
chr21	47565987	47566011	2
chr21	47566037	47566061	6
chr21	47566062	47566086	2
chr21	47566087	47566111	4
chr21	47566112	47566136	6
chr21	47566137	47566161	2
chr21	47566162	47566186	0
chr21	47566212	47566236	0
chr21	47574837	47574861	1
chr21	47581962	47581986	5
chr21	47602062	47602086	1
chr21	47615737	47615761	0
chr21	47626487	47626511	0
chr21	47628337	47628361	1
chr21	47637862	47637886	1
chr21	47641837	47641861	1
chr21	47648237	47648261	0
chr21	47648262	47648286	0
chr21	47648287	47648311	0
chr21	47648312	47648336	0
chr21	47648337	47648361	0
chr21	47648362	47648386	0
chr21	47648412	47648436	2
chr21	47648437	47648461	6
chr21	47648462	47648486	7
chr21	47648487	47648511	6
chr21	47648512	47648536	2
chr21	47648562	47648586	3
chr21	47648587	47648611	0
chr21	47648612	47648636	3
chr21	47648637	47648661	0
chr21	47648662	47648686	0
chr21	47648687	47648711	0
chr21	47648712	47648736	5
chr21	47648737	47648761	6
chr21	47648762	47648786	9
chr21	47648787	47648811	4
chr21	47648812	47648836	6
chr21	47648837	47648861	8
chr21	47649137	47649161	1
chr21	47649162	47649186	4
chr21	47649212	47649236	3
chr21	47649237	47649261	4
chr21	47649262	47649286	3
chr21	47649287	47649311	2
chr21	47649312	47649336	1
chr21	47649337	47649361	4
chr21	47649362	47649386	8
chr21	47649387	47649411	4
chr21	47649412	47649436	8
chr21	47649437	47649461	3
chr21	47682587	47682611	3
chr21	47698962	47698986	1
chr21	47701012	47701036	2
chr21	47706262	47706286	2
chr21	47712462	47712486	1
chr21	47713612	47713636	1
chr21	47717262	47717286	0
chr21	47717287	47717311	1
chr21	47717312	47717336	3
chr21	47717362	47717386	1
chr21	47717387	47717411	3
chr21	47717412	47717436	1
chr21	47717462	47717486	2
chr21	47717487	47717511	4
chr21	47717512	47717536	1
chr21	47717537	47717561	2
chr21	47717562	47717586	3
chr21	47717587	47717611	4
chr21	47717612	47717636	6
chr21	47717662	47717686	5
chr21	47717687	47717711	4
chr21	47717712	47717736	6
chr21	47717737	47717761	6
chr21	47717762	47717786	10
chr21	47717787	47717811	2
chr21	47717812	47717836	2
chr21	47722587	47722611	2
chr21	47722637	47722661	4
chr21	47742887	47742911	0
chr21	47742962	47742986	3
chr21	47742987	47743011	1
chr21	47743012	47743036	0
chr21	47743037	47743061	0
chr21	47743062	47743086	0
chr21	47743612	47743636	5
chr21	47743662	47743686	1
chr21	47743737	47743761	6
chr21	47743912	47743936	6
chr21	47744712	47744736	0
chr21	47744737	47744761	0
chr21	47766112	47766136	2
chr21	47772062	47772086	2
chr21	47784187	47784211	2
chr21	47793887	47793911	2
chr21	47809837	47809861	0
chr21	47809937	47809961	1
chr21	47809962	47809986	1
chr21	47813887	47813911	0
chr21	47820787	47820811	2
chr21	47830112	47830136	0
chr21	47833112	47833136	2
chr21	47833162	47833186	2
chr21	47833187	47833211	4
chr21	47860187	47860211	1
chr21	47860262	47860286	1
chr21	47878812	47878836	4
chr21	47879537	47879561	1
chr21	47887012	47887036	1
chr21	47918562	47918586	4
chr21	47918587	47918611	4
chr21	47971762	47971786	0
chr21	48069337	48069361	2
chr21	48070562	48070586	0
chr21	48070587	48070611	1
chr21	48081662	48081686	4
chr21	48081712	48081736	2
chr21	48081762	48081786	3
chr21	48081812	48081836	3
chr4	190008899	190008923	0
chr4	190008924	190008948	0
