chr21	9709001	9710000	26
chr21	9926001	9927000	62
chr21	11106001	11107000	28
chr21	15308001	15309000	20
chr21	15436001	15437000	60
chr21	16436001	16437000	47
chr21	16437001	16438000	99
chr21	18885001	18886000	67
chr21	18984001	18985000	65
chr21	18985001	18986000	55
chr21	27945001	27946000	38
chr21	28307001	28308000	3
chr21	30365001	30366000	14
chr21	30391001	30392000	20
chr21	30445001	30446000	31
chr21	31311001	31312000	28
chr21	32689001	32690000	6
chr21	32716001	32717000	49
chr21	33032001	33033000	84
chr21	33245001	33246000	167
chr21	33637001	33638000	4
chr21	34100001	34101000	96
chr21	34395001	34396000	29
chr21	34398001	34399000	80
chr21	34399001	34400000	75
chr21	34400001	34401000	26
chr21	34442001	34443000	60
chr21	34443001	34444000	25
chr21	34775001	34776000	119
chr21	34776001	34777000	18
chr21	34863001	34864000	4
chr21	34864001	34865000	29
chr21	34960001	34961000	86
chr21	35015001	35016000	76
chr21	35086001	35087000	3
chr21	35747001	35748000	41
chr21	35986001	35987000	12
chr21	36164001	36165000	90
chr21	37442001	37443000	50
chr21	37692001	37693000	34
chr21	38120001	38121000	83
chr21	38593001	38594000	2
chr21	38638001	38639000	12
chr21	40177001	40178000	82
chr21	40178001	40179000	99
chr21	40555001	40556000	64
chr21	40720001	40721000	92
chr21	40721001	40722000	55
chr21	40817001	40818000	72
chr21	41087001	41088000	4
chr21	42195001	42196000	1
chr21	42747001	42748000	4
chr21	43236001	43237000	18
chr21	43373001	43374000	68
chr21	43639001	43640000	118
chr21	43726001	43727000	6
chr21	44037001	44038000	10
chr21	44106001	44107000	28
chr21	44840001	44841000	36
chr21	44865001	44866000	26
chr21	45363001	45364000	22
chr21	45553001	45554000	25
chr21	45559001	45560000	37
chr21	45643001	45644000	4
chr21	45661001	45662000	25
chr21	45662001	45663000	68
chr21	45705001	45706000	33
chr21	45719001	45720000	30
chr21	45720001	45721000	63
chr21	45845001	45846000	21
chr21	45859001	45860000	2
chr21	45883001	45884000	18
chr21	46143001	46144000	20
chr21	46221001	46222000	33
chr21	46222001	46223000	41
chr21	46320001	46321000	4
chr21	46359001	46360000	37
chr21	46360001	46361000	14
chr21	46369001	46370000	34
chr21	46494001	46495000	177
chr21	46495001	46496000	35
chr21	46554001	46555000	55
chr21	46706001	46707000	28
chr21	46824001	46825000	55
chr21	46825001	46826000	148
chr21	46846001	46847000	6
chr21	46850001	46851000	10
chr21	46912001	46913000	22
chr21	46913001	46914000	29
chr21	46929001	46930000	10
chr21	46951001	46952000	114
chr21	46952001	46953000	5
chr21	47334001	47335000	15
chr21	47409001	47410000	36
chr21	47457001	47458000	23
chr21	47532001	47533000	35
chr21	47565001	47566000	74
chr21	47648001	47649000	71
chr21	47649001	47650000	46
chr21	47717001	47718000	75
chr21	47742001	47743000	4
