chr21 9708982 9709188 207 * 4.69710938502641e-12 0.54221271343709 0.207159172667132 0.326431971919047
chr21 9909568 9909619 52 * 0.000406858048702107 0.329218210321904 0.187060500527383 0.144236169544619
chr21 9926563 9927096 534 * 4.40829771358634e-07 0.655745873887596 0.0766744686665552 0.60730591620702
chr21 11106768 11106945 178 * 2.95063145661699e-07 0.658786260043333 0.313540574772307 0.39474305494918
chr21 15095791 15095868 78 * 0.0198131097988113 0.396086080809957 0.263272036224833 0.132814044585123
chr21 15096010 15096011 2 * 0.0554583457503059 0.108882559912102 0.395718476811322 -0.28683591689922
chr21 15308268 15308610 343 * 9.29956689316714e-10 0.658425830434715 0.127740360237483 0.580868268826231
chr21 15436206 15436867 662 * 1.04481810936662e-10 0.857001851951267 0.209483396338154 0.641550726255216
chr21 15448252 15448325 74 * 0.000163118202876171 0.880340329409348 0.760123143293867 0.121854231145975
chr21 15588454 15588651 198 * 3.91643749989552e-11 0.042600326950877 0.466741169718025 -0.426923413386426
chr21 16436605 16437250 646 * 5.5272836102457e-12 0.0484474637066594 0.465264539952128 -0.412813251141409
chr21 16437511 16437791 281 * 3.51500530533032e-11 0.0116469755987309 0.421438115138226 -0.413464664213372
chr21 16518613 16518719 107 * 1.02565371986285e-07 0.414385566115064 0.55796292898227 -0.162029735532478
chr21 18885530 18885979 450 * 3.98719289140277e-10 0.045000229228635 0.418015257900181 -0.36105263546256
chr21 18984619 18985669 1051 * 5.79810496118744e-12 0.047612361838289 0.645789813751663 -0.594400331553718
chr21 22369424 22369569 146 * 0.0114008058360846 0.483134241472165 0.640465366399065 -0.15549643792059
chr21 26979734 26980132 399 * 0.000201637252410733 0.0453076676535955 0.286549854769268 -0.227245217915991
chr21 27107671 27107845 175 * 0.00918085589291898 0.021785477954539 0.126661186714097 -0.101844315066449
chr21 27107947 27108015 69 * 1.10548651280367e-05 0.0310775418625606 0.170505558034956 -0.131226496011871
chr21 27945149 27945552 404 * 4.34822049695684e-05 0.148841789737671 0.506508863472828 -0.359352370314554
chr21 30365191 30365319 129 * 0.00042826263593392 0.397930582985019 0.772683352538498 -0.377550061448831
chr21 30391373 30391721 349 * 1.12626404569817e-10 0.0551338547624308 0.483389797801138 -0.429611326103638
chr21 30947215 30947250 36 * 0.00496195326171052 0.686333544468722 0.831787619180838 -0.145454074712115
chr21 31311420 31311860 441 * 8.31392442579413e-10 0.0651979984841656 0.507851727960672 -0.465959003740248
chr21 32716063 32716419 357 * 1.22355781915796e-07 0.0745823502625865 0.414341056267863 -0.349427285096353
chr21 33032340 33032410 71 * 0.00241770908621201 0.520837330054771 0.850034136366545 -0.328084863431781
chr21 33032571 33032648 78 * 0.000881134374401398 0.560833136292993 0.866626574764914 -0.305793438471921
chr21 33244921 33245198 278 * 6.8041694451388e-05 0.39241272586601 0.817160348036385 -0.375708582516439
chr21 33245457 33245736 280 * 0.000527355124073443 0.446080820707997 0.880937123640116 -0.440139284359084
chr21 33245875 33246581 707 * 0.012211096779957 0.423800601367156 0.866914352204411 -0.425859526956148
chr21 33765563 33765637 75 * 0.00198126485514314 0.276125702843513 0.733774903625347 -0.458787817602803
chr21 33941783 33941824 42 * 0.000584619599445619 0.0276779014750918 0.220416642138928 -0.195518151462657
chr21 34099732 34100601 870 * 4.83246343843588e-08 0.0434091287783359 0.289417643791211 -0.257702680843414
chr21 34395152 34395810 659 * 0.000128784750503854 0.088696791342029 0.614778253459367 -0.538946133771085
chr21 34397541 34397734 194 * 2.22500779268039e-19 0.122869315125237 0.724096112624239 -0.596303458034191
chr21 34398006 34398279 274 * 4.14980020986636e-09 0.087751037790964 0.634049511275147 -0.552476638275871
chr21 34398620 34398983 364 * 1.63228342025101e-05 0.109333190647611 0.715635046333684 -0.632445354702338
chr21 34399243 34399482 240 * 3.17686069426158e-17 0.0681495790964618 0.698861374793277 -0.618691614560744
chr21 34399784 34400156 373 * 2.86258371034897e-20 0.0771994803009573 0.705535216595686 -0.623315088086557
chr21 34442354 34442652 299 * 4.4711115555905e-05 0.096095509257378 0.448827412781516 -0.368102274618391
chr21 34442760 34443403 644 * 2.22529137680981e-05 0.0649780637991816 0.475737656024371 -0.395399013301765
chr21 34444364 34444451 88 * 2.38884562167027e-06 0.116123959155043 0.508356314676327 -0.393828101445949
chr21 34638646 34639072 427 * 0.00121356155377222 0.0491849213337295 0.19473006241874 -0.148449393817343
chr21 34775472 34775993 522 * 1.62779672169726e-23 0.0607435818614134 0.640548486640086 -0.591833484883158
chr21 34776301 34776416 116 * 9.03906280830887e-44 0.084868226219172 0.68912599257051 -0.605619675953267
chr21 34863666 34864242 577 * 1.91258876517071e-17 0.0434180547228964 0.758641648296094 -0.722633955702255
chr21 34960454 34961131 678 * 1.01697443205584e-16 0.037603340433134 0.823012125597739 -0.784032973519573
chr21 35014896 35015765 870 * 5.69282695625973e-15 0.0582485638526158 0.771203893900533 -0.713764119410569
chr21 35445282 35445957 676 * 6.36784683672151e-05 0.0478129718688367 0.207273190759207 -0.155578390070873
chr21 35747585 35748102 518 * 2.43673921911721e-26 0.0455539358331639 0.562605419169726 -0.532904464652493
chr21 35986817 35987785 969 * 1.08109447063737e-05 0.0469080847811727 0.280830892217701 -0.227533680772023
chr21 36041893 36042075 183 * 0.00469703863277498 0.37760892002421 0.250205616451074 0.119033788571195
chr21 36164167 36164799 633 * 5.88047957704195e-08 0.846803224488484 0.558419674388962 0.287301160203488
chr21 36260945 36262327 1383 * 1.82530962331766e-06 0.038984044838276 0.257990869880649 -0.218008763534095
chr21 36262457 36262814 358 * 1.27152545804952e-05 0.0551847541876934 0.269914238055535 -0.218809887366804
chr21 37442214 37442493 280 * 1.77487584439905e-14 0.0819309943073637 0.652076181518603 -0.597258715253404
chr21 37507283 37507496 214 * 0.003106222515994 0.0661492715460393 0.371574909948085 -0.277462976491294
chr21 37508022 37508207 186 * 0.000964462425344614 0.0368702066061709 0.28202117623092 -0.245150969624749
chr21 37692299 37692781 483 * 1.47856373182318e-15 0.0405585179119638 0.559517837634511 -0.52318114202392
chr21 38065496 38065885 390 * 0.000188606776623871 0.267780667172602 0.0902730965072111 0.181395961831227
chr21 38066089 38066117 29 * 0.00485047825627116 0.384744378411513 0.0814439837107766 0.303300394700737
chr21 38076906 38076981 76 * 0.0336934516590989 0.153564268207304 0.280770940809366 -0.123380125775193
chr21 38077106 38077158 53 * 0.00352448850741116 0.162231381184041 0.315852443355104 -0.148967074609914
chr21 38077559 38077598 40 * 0.0370779177152845 0.156434616590261 0.303586350536049 -0.150221794840493
chr21 38119896 38120212 317 * 4.39349611932258e-05 0.0893459085611461 0.348579820682496 -0.249185599769073
chr21 38120336 38120558 223 * 0.000670023551943848 0.0893149801216071 0.370000915986787 -0.27946394134763
chr21 38593122 38593503 382 * 3.27703387989003e-08 0.0448436535961553 0.81257121794999 -0.765487832081692
chr21 38639541 38639901 361 * 3.86099262391536e-05 0.0405632927231319 0.189620832472746 -0.150295094738301
chr21 38640170 38640459 290 * 0.00208192751136683 0.0545535332697826 0.18196681229945 -0.1297055871821
chr21 40177142 40177549 408 * 1.47369623645423e-17 0.0254394358079017 0.805678092069423 -0.779479086676184
chr21 40177852 40178620 769 * 2.72821220847467e-19 0.0402581685127798 0.841242110547477 -0.788498611429545
chr21 40357742 40357786 45 * 0.0192017934879643 0.695138305955557 0.487428388673884 0.207709917281673
chr21 40555096 40555327 232 * 7.19313419167031e-11 0.0565689624950203 0.801777195694175 -0.745208233199154
chr21 40555724 40555890 167 * 2.81655719514543e-11 0.0369653369884744 0.806924529518252 -0.768050450324447
chr21 40720584 40721427 844 * 8.19249508779548e-20 0.0451000809817969 0.552556716254499 -0.517144250009491
chr21 40817359 40817914 556 * 3.27537834514351e-15 0.0411811314025983 0.824155283839111 -0.768207068815227
chr21 43236330 43236497 168 * 2.12578842257007e-08 0.769022732863079 0.30535334846222 0.445672617562281
chr21 43373490 43373955 466 * 1.01282043415241e-07 0.0559771750576868 0.281214908207749 -0.243436315420088
chr21 43580773 43580778 6 * 0.010991292415488 0.695276717957084 0.869435024878664 -0.174200140108352
chr21 43638975 43639929 955 * 1.20523358850729e-07 0.0367560442824858 0.346783134014667 -0.308177398480633
chr21 43933663 43933727 65 * 1.96408272719502e-05 0.098549743906416 0.00739161414217803 0.0911581297642379
chr21 44037331 44037461 131 * 0.00400420457890937 0.582937512173607 0.253102481335851 0.327929558379742
chr21 44106398 44106647 250 * 5.77366979255895e-05 0.759051955723227 0.303478036351383 0.438880185103124
chr21 44299152 44299406 255 * 2.47655458899907e-06 0.04991486622186 0.186860108799648 -0.138449689777761
chr21 44299734 44299779 46 * 0.00272725735030979 0.0344906646094801 0.204781224207835 -0.170290559598355
chr21 44394175 44394235 61 * 0.00630869619320549 0.0284228612550929 0.0821901993048821 -0.0532973846542407
chr21 44394374 44394599 226 * 0.0247566047580546 0.025468471824489 0.102749017644733 -0.077109163248519
chr21 44394934 44394935 2 * 0.0583403820375236 0.0491623535452119 0.176699911326686 -0.127537557781475
chr21 44395233 44395788 556 * 0.0129574534343698 0.0408699029005802 0.138618422923982 -0.088700960636614
chr21 44479261 44479351 91 * 2.23099153050807e-07 0.969156436377984 0.81154018414892 0.157616252229064
chr21 44574002 44574007 6 * 0.00247118221032241 0.698702204357505 0.299223812787552 0.399256093262214
chr21 44830999 44831143 145 * 0.000325516089101227 0.767524247665164 0.1675958283611 0.56306846724138
chr21 44840130 44840442 313 * 1.39696918672204e-05 0.901039327834145 0.485874046481646 0.334440082495443
chr21 44865421 44865709 289 * 0.000242083719900992 0.617409063590873 0.143212900684338 0.456489629510444
chr21 45138335 45139569 1235 * 0.00265555674949077 0.0555795179540552 0.195069598989244 -0.131164116135963
chr21 45363511 45363699 189 * 2.719809098567e-07 0.804833104469148 0.373619062696945 0.431812322271838
chr21 45432109 45432173 65 * 0.000193116065082669 0.0510130210588951 0.143656235503399 -0.0918191382222051
chr21 45432838 45432943 106 * 0.00350765494427635 0.0298753290713718 0.163997910205319 -0.130260244492834
chr21 45527000 45527095 96 * 0.00118902857730374 0.468450684998257 0.322794527793269 0.151274604606315
chr21 45553061 45553426 366 * 2.24133344004019e-14 0.0485876563192789 0.655776815104294 -0.589585021494378
chr21 45559470 45559829 360 * 0.00305080181882929 0.679675826818701 0.362545476708059 0.291077848442564
chr21 45622436 45622494 59 * 0.00197766657594212 0.461415985075204 0.040993094358906 0.420422890716298
chr21 45622664 45622665 2 * 0.0228588698722571 0.390401834090966 0.543489689891086 -0.15308785580012
chr21 45622971 45623006 36 * 0.0508678190859731 0.534806393543926 0.169248020512081 0.365149946070686
chr21 45660577 45660680 104 * 1.69844376834975e-07 0.114981235771069 0.484899074134451 -0.369917838363382
chr21 45661015 45661277 263 * 9.18691531360153e-06 0.0453991273986855 0.45232125596344 -0.405824406631757
chr21 45662109 45662531 423 * 6.55781942844348e-06 0.0657383288375393 0.424526962947727 -0.351177740889852
chr21 45662678 45662969 292 * 4.8719476370442e-12 0.0611738897706098 0.448782118614382 -0.371676305116786
chr21 45705601 45705759 159 * 8.89686492367042e-13 0.326647641463926 0.605506552245408 -0.278912532842841
chr21 45705870 45705915 46 * 3.76567118721643e-07 0.266772604249944 0.670411065719539 -0.403576136803271
chr21 45719652 45720139 488 * 2.5771814944116e-17 0.0612442017172595 0.370862676088425 -0.311881251156707
chr21 45720270 45720446 177 * 4.82119526073931e-11 0.034522507887805 0.342931326480597 -0.307933571296737
chr21 45845198 45845578 381 * 1.51659563443197e-06 0.562954661466422 0.271047361806185 0.268620400900111
chr21 45882097 45882123 27 * 0.00787778417407249 0.61828674404339 0.38577239884241 0.229984451881752
chr21 45882246 45882247 2 * 0.0250004558059243 0.481122250340215 0.307627447711543 0.173494802628671
chr21 45883632 45883901 270 * 3.09993574931273e-05 0.583761470961638 0.290663429356051 0.279150952056598
chr21 46143489 46143567 79 * 4.6813960925999e-08 0.0418789273677949 0.622267234006531 -0.580810233218973
chr21 46221395 46221812 418 * 0.00383850913716536 0.602654789934495 0.941783759658722 -0.343290285593219
chr21 46222183 46222264 82 * 0.00348823010630372 0.633995318616958 0.927239189547263 -0.293243870930305
chr21 46306545 46306701 157 * 2.38916222371474e-12 0.906126129487169 0.197557753049175 0.703921880594039
chr21 46359699 46359853 155 * 4.76941091240626e-17 0.0443701266886585 0.759375915325761 -0.715005788637103
chr21 46359966 46360409 444 * 1.19667106834725e-10 0.0487964066269351 0.703551563214348 -0.648839328010864
chr21 46369186 46369501 316 * 1.65023411762573e-05 0.774751928916742 0.0818859218412202 0.683090406884629
chr21 46399334 46399403 70 * 0.00513890491524371 0.613459202371962 0.758884443653198 -0.141017012701918
chr21 46438312 46438361 50 * 0.040821210260862 0.192747438832556 0.290727682283331 -0.0941097139795967
chr21 46438743 46438801 59 * 0.0427311694853212 0.170434066801203 0.274244697942118 -0.108769183919003
chr21 46438995 46439074 80 * 0.0275315497756918 0.151259390334404 0.258447550322514 -0.10678057930856
chr21 46494288 46495429 1142 * 5.86802788612131e-25 0.042587571008328 0.835391821168208 -0.796243077926305
chr21 46553660 46553764 105 * 4.72576988274698e-06 0.859651700769777 0.538441770141439 0.320960318569127
chr21 46553992 46554393 402 * 9.57075846074313e-12 0.860171788672572 0.489085896281943 0.342034024976705
chr21 46706807 46706897 91 * 2.26203743288834e-06 0.233875100626545 0.501335911648427 -0.267915530533079
chr21 46824639 46825398 760 * 7.21058308090242e-10 0.0502364679462211 0.379663547724672 -0.325455801843489
chr21 46825677 46826200 524 * 4.22735042171958e-12 0.0421823345627859 0.371095838159455 -0.324653926227052
chr21 46846381 46846557 177 * 2.752560348154e-07 0.611082476341869 0.0877932971259458 0.521515374235472
chr21 46850316 46850316 1 * 0.0517203842325366 0.536339047162151 0.452433612511847 0.083905434650304
chr21 46850586 46850741 156 * 5.37238478156051e-05 0.530846727293414 0.0440920195116279 0.486002296914989
chr21 46912468 46912605 138 * 9.44781636229157e-09 0.730882692333062 0.369269166896953 0.361512877922358
chr21 46912822 46912823 2 * 0.0167854988897918 0.759301979093203 0.876461350602039 -0.117159371508837
chr21 46929741 46929904 164 * 5.46468668246984e-08 0.820114643207168 0.40906923334577 0.419147650284867
chr21 46951003 46952262 1260 * 9.61021475106533e-18 0.89867629854806 0.106942067931056 0.776773767108253
chr21 46956415 46956695 281 * 0.000851120461868519 0.710994156958103 0.394782384065876 0.297454714607384
chr21 46961701 46961903 203 * 0.00224993176032248 0.079764793534883 0.262586020010569 -0.188772852696493
chr21 46962042 46962991 950 * 0.00176745070472737 0.102266709433394 0.299975824918255 -0.189866773207551
chr21 46975561 46975750 190 * 0.013329299473157 0.208566884797993 0.112326531766795 0.0975300281298896
chr21 47062037 47062548 512 * 0.000245053087530582 0.0757574691914581 0.296791404648099 -0.221404768960039
chr21 47062669 47062753 85 * 0.00545240476322081 0.0976557938707932 0.296059324806945 -0.198403530936152
chr21 47063135 47064244 1110 * 0.000324453276758347 0.111431753279469 0.30812564560774 -0.203584349070787
chr21 47334174 47334419 246 * 1.47094312709749e-05 0.673193253908996 0.0835154972854978 0.589354120942675
chr21 47392531 47393406 876 * 0.00187568608992493 0.0907887222576426 0.304616451275762 -0.216644255902949
chr21 47393719 47394432 714 * 0.000241251222704503 0.0917018504099105 0.314927923853842 -0.22587006643289
chr21 47409238 47409296 59 * 0.038885346665647 0.663278442871114 0.347095768107039 0.316018099143314
chr21 47409530 47409653 124 * 0.00590201995433605 0.614208636155558 0.260711777189027 0.33248720947779
chr21 47409796 47409881 86 * 0.00237180942921787 0.71666821675872 0.428401603374656 0.288089942990926
chr21 47457250 47457617 368 * 7.56442222224228e-08 0.822057239631393 0.269821153884754 0.527913290003405
chr21 47532120 47532334 215 * 8.3695868991607e-24 0.836988745504442 0.148014287277604 0.68442529991315
chr21 47532557 47532773 217 * 6.45572387313272e-08 0.804328120546767 0.0930758983972828 0.698261797816642
chr21 47565568 47566232 665 * 7.74028714518522e-15 0.684115576729681 0.069192523432483 0.619775228070775
chr21 47648252 47648862 611 * 3.30285162621489e-14 0.0487187277573096 0.865838457177841 -0.811895899370515
chr21 47649157 47649441 285 * 1.64243445184008e-19 0.0439654633576079 0.887249406711311 -0.84613204731004
chr21 47717248 47718007 760 * 2.08968681805504e-13 0.16237060142668 0.636121275996477 -0.47817391633542
chr21 47742891 47743081 191 * 8.28160879702916e-14 0.0622343387091175 0.754090658223214 -0.694799344700084
chr21 47743532 47745113 1582 * 0.00110600361838452 0.0425458285417023 0.204382402068668 -0.157928398606659
chr21 47831550 47831732 183 * 0.000258540789255002 0.934328441663038 0.991378966404014 -0.0507170400972423
chr21 47878552 47878593 42 * 0.0123949784223592 0.125304131487215 0.0446199577631854 0.0788071107558205
chr21 47878685 47878835 151 * 0.0275357705988257 0.061852831119848 0.137828722912347 -0.0747228279882467
chr21 47879266 47879306 41 * 0.0313840327640352 0.116974521726355 0.0517189063856601 0.065255615340695
chr21 47879603 47879604 2 * 0.048722327711958 0.123945498714075 0.0328237861761859 0.0911217125378893
chr21 47918538 47918652 115 * 0.00404879535817945 0.764044756723496 0.529654874924511 0.242211780509853
chr21 48055453 48055470 18 * 0.00409147077922051 0.0571720480042734 0.0085076539186512 0.0486478414505253
chr21 48081656 48081835 180 * 4.10412300067279e-14 0.569374516647468 0.0790287754144089 0.493468523038553
