chr	start	end	CpG	Control:mu	Exptl:mu	Control->Exptl:diff	Control->Exptl:pval
chr21	9708982	9709187	18	0.1869035	0.5552769	0.3683734	0
chr21	9926563	9926827	24	0.1011996	0.6896507	0.588451	0
chr21	9926882	9927095	14	0.0820412	0.660939	0.5788977	0
chr21	10201250	10201296	3	0.5575633	0.3996871	-0.1578761	0.0299235
chr21	10428163	10428352	3	0.8383104	0.6391109	-0.1991994	0.0033366
chr21	10889474	10889575	3	0.8981427	0.625373	-0.2727697	0.0067448
chr21	10922634	10922791	3	0.5291718	0.8083234	0.2791516	0.025912
chr21	11012028	11012096	5	0.3880311	0.602951	0.2149199	0.0068088
chr21	11017304	11017438	4	0.9340212	0.6578343	-0.2761869	0.000002
chr21	11089375	11089443	4	0.4510348	0.6197618	0.168727	0.0220075
chr21	11106768	11106968	15	0.2849772	0.6813377	0.3963605	0
chr21	15036090	15036133	4	0.0070654	0.5036176	0.4965521	0
chr21	15052897	15052990	6	0.6112271	0.7852698	0.1740427	0.0387535
chr21	15086216	15086289	3	0.2733645	0.5525686	0.2792042	0.0013238
chr21	15095791	15096245	37	0.2418138	0.3657073	0.1238936	0.0340843
chr21	15308268	15308565	11	0.0999719	0.663284	0.563312	0
chr21	15308579	15308876	13	0.0754361	0.8100968	0.7346606	0
chr21	15436206	15436520	35	0.2097872	0.8212011	0.6114139	0
chr21	15436558	15436866	23	0.2024459	0.8856617	0.6832158	0
chr21	15438233	15438309	3	0.9297427	0.76801	-0.1617327	0.0002587
chr21	15449791	15449909	6	0.8498022	0.9929567	0.1431545	0.0004327
chr21	15588454	15588650	17	0.4716919	0.0451053	-0.4265867	0
chr21	15646300	15646377	8	0.3144152	0.5018529	0.1874378	0.0137916
chr21	16057114	16057182	4	0.4928873	0.3409385	-0.1519488	0.0092392
chr21	16368590	16368693	3	0.5262124	0.3322672	-0.1939452	0.012685
chr21	16436605	16436924	30	0.4057444	0.0484285	-0.3573159	0
chr21	16436930	16437249	56	0.4616285	0.0443068	-0.4173216	0
chr21	16437511	16437790	26	0.4132539	0.0262269	-0.3870269	0
chr21	16601333	16601534	7	0.6233107	0.4357234	-0.1875873	0.0040758
chr21	16686785	16686988	7	0.4524899	0.567412	0.1149221	0.0194097
chr21	16815114	16815184	3	0.2014451	0.3988778	0.1974327	0.014145
chr21	17046288	17046423	7	0.364483	0.5370124	0.1725294	0.0234039
chr21	17320067	17320164	5	0.4272944	0.5787051	0.1514107	0.0186517
chr21	17536707	17536775	6	0.4934976	0.3098422	-0.1836555	0.0304247
chr21	17671653	17671786	6	0.4703332	0.5873679	0.1170347	0.048073
chr21	17947776	17948134	12	0.4115867	0.5543951	0.1428085	0.0142693
chr21	18504641	18504702	3	0.3992456	0.2253445	-0.1739011	0.0209659
chr21	18542162	18542300	7	0.6138833	0.4144364	-0.1994469	0.0228538
chr21	18809827	18809894	5	0.4382483	0.3309772	-0.107271	0.0433854
chr21	18881151	18881216	3	0.252829	0.4506583	0.1978293	0.0003448
chr21	18885530	18885978	50	0.4090602	0.0430185	-0.3660417	0
chr21	18887851	18888048	13	0.8905048	0.7733658	-0.1171389	0.0485883
chr21	18984619	18984966	43	0.6137742	0.0399375	-0.5738367	0
chr21	18984981	18985318	44	0.6464822	0.0572684	-0.5892138	0
chr21	18985329	18985668	33	0.6356632	0.0672486	-0.5684145	0
chr21	19375162	19375246	8	0.2228626	0.0107958	-0.2120668	0.0085339
chr21	19443588	19443758	5	0.2417656	0.1156874	-0.1260782	0.0041345
chr21	19617246	19617439	23	0.2671539	0.122665	-0.1444889	0.0040987
chr21	19677706	19677800	7	0.6767726	0.5266625	-0.1501101	0.0171613
chr21	20137280	20137325	4	0.3829322	0.5476441	0.1647119	0.011688
chr21	20173281	20173347	5	0.4581666	0.6261518	0.1679852	0.0346853
chr21	20552746	20552838	4	0.2008642	0.4981108	0.2972466	0.0002645
chr21	21343095	21343152	3	0.6033183	0.841219	0.2379006	0.0000911
chr21	21805925	21806008	3	0.6045768	0.3720593	-0.2325175	0.0081173
chr21	22074342	22074556	13	0.7433846	0.533945	-0.2094396	0.0056598
chr21	22170941	22171074	3	0.6402805	0.8758325	0.235552	0.0221299
chr21	22369363	22369605	14	0.6372325	0.5001514	-0.1370811	0.0019213
chr21	23203342	23203467	4	0.695607	0.5884141	-0.1071929	0.0484356
chr21	23722604	23722852	11	0.6353687	0.5277981	-0.1075706	0.0197158
chr21	24474190	24474251	4	0.4114005	0.5215478	0.1101473	0.0297022
chr21	24702464	24702531	6	0.530654	0.3281434	-0.2025105	0.0071365
chr21	25159344	25159482	8	0.7347359	0.5586185	-0.1761174	0.0392125
chr21	26011328	26011486	3	0.6118281	0.3878658	-0.2239624	0.0146181
chr21	26734225	26734354	8	0.5793681	0.7640275	0.1846593	0.0004036
chr21	26737090	26737224	8	0.7475522	0.8577597	0.1102075	0.0044711
chr21	26979636	26980131	43	0.2815899	0.0501748	-0.2314151	0
chr21	27012615	27012668	6	0.4921164	0.3707722	-0.1213442	0.017463
chr21	27192599	27192667	5	0.5997447	0.7624546	0.1627099	0.0279285
chr21	27371271	27371531	7	0.6641534	0.8133126	0.1491592	0.0021366
chr21	27545383	27545451	7	0.1799832	0.0631282	-0.116855	0.0181561
chr21	27564892	27564958	4	0.1681164	0.0089328	-0.1591837	0.0269263
chr21	27613576	27613718	8	0.0826009	0.1892037	0.1066028	0.0323139
chr21	27945125	27945551	33	0.526467	0.1787062	-0.3477608	0
chr21	28212723	28212803	3	0.3375527	0.4741762	0.1366235	0.0257692
chr21	28561970	28562107	9	0.8640313	0.6868181	-0.1772133	0.0002393
chr21	28788583	28788789	7	0.8279164	0.7259993	-0.1019171	0.0177431
chr21	29434774	29434905	5	0.7625103	0.865056	0.1025457	0.0361284
chr21	30049336	30049433	3	0.8936967	0.7728338	-0.1208628	0.0470134
chr21	30234683	30234885	13	0.7598809	0.8699944	0.1101135	0.0131391
chr21	30365057	30365318	19	0.8459071	0.4850021	-0.3609051	0.0000196
chr21	30381916	30382010	6	0.8406133	0.9804519	0.1398385	0.0028235
chr21	30391373	30391720	29	0.4683537	0.0466286	-0.4217251	0
chr21	30445685	30445885	14	0.8862456	0.5144383	-0.3718074	0.0094093
chr21	30615059	30615156	3	0.0535396	0.2000754	0.1465358	0.0219786
chr21	30697271	30697407	9	0.7892063	0.6502164	-0.13899	0.0005927
chr21	30721138	30721271	6	0.6222978	0.8275063	0.2052085	0.0084905
chr21	30945891	30945935	4	0.622643	0.7499002	0.1272572	0.0170676
chr21	30947168	30947309	12	0.8182953	0.6810293	-0.1372659	0.0004786
chr21	31233852	31233919	5	0.6116159	0.4679456	-0.1436703	0.0165281
chr21	31311420	31311859	29	0.5011664	0.0677516	-0.4334148	0
chr21	31835671	31835808	9	0.8981815	0.7492862	-0.1488953	0.0033414
chr21	32079428	32079523	4	0.8657921	0.5506214	-0.3151708	0.0000091
chr21	32206631	32206836	8	0.8620576	0.7516817	-0.1103759	0.0402181
chr21	32255876	32256078	10	0.8577626	0.7431932	-0.1145694	0.0067069
chr21	32469152	32469291	10	0.5608453	0.7017346	0.1408893	0.0111024
chr21	32486142	32486362	10	0.8688093	0.7196401	-0.1491692	0.0194048
chr21	32499829	32500029	10	0.7994124	0.608676	-0.1907364	0.0040273
chr21	32689491	32689625	4	0.7816532	0.9265003	0.1448472	0.0199921
chr21	32716063	32716418	32	0.4177614	0.0842703	-0.3334911	0
chr21	32763659	32763766	6	0.2463539	0.1451565	-0.1011974	0.0429637
chr21	32839569	32839667	3	0.2290931	0.3659786	0.1368855	0.0447408
chr21	32843374	32843526	6	0.1380485	0.3235891	0.1855406	0.0124045
chr21	32863294	32863392	8	0.2557815	0.138866	-0.1169155	0.0218234
chr21	32890693	32890895	8	0.1906722	0.2973382	0.106666	0.0374126
chr21	32932946	32933082	3	0.1897231	0.7645867	0.5748636	0.0001526
chr21	33013257	33013602	14	0.7145145	0.8282262	0.1137118	0.005916
chr21	33031748	33031813	7	0.8145074	0.2372425	-0.5772648	0
chr21	33032291	33032647	45	0.8798108	0.6063113	-0.2734995	0.0031379
chr21	33170719	33170852	5	0.2861061	0.1424269	-0.1436792	0.0187553
chr21	33184098	33184231	5	0.07292	0.2902894	0.2173694	0.0001567
chr21	33244921	33245317	32	0.8585053	0.5142509	-0.3442544	0.0000006
chr21	33245353	33245735	41	0.9106267	0.478236	-0.4323907	0
chr21	33245763	33246158	55	0.8707031	0.6060695	-0.2646336	0.0000108
chr21	33246176	33246580	39	0.8979075	0.3790521	-0.5188554	0
chr21	33637700	33637760	4	0.3399035	0.5505618	0.2106583	0.0021044
chr21	33678453	33678651	8	0.4194643	0.5348153	0.1153511	0.0331286
chr21	33765522	33765694	15	0.768342	0.3485665	-0.4197755	0
chr21	33852993	33853196	4	0.2568622	0.0753665	-0.1814957	0.0152176
chr21	33941696	33941823	12	0.2005805	0.0933826	-0.1071979	0.0055467
chr21	34099732	34100165	46	0.2918	0.0485902	-0.2432098	0
chr21	34100190	34100604	44	0.2852777	0.0343272	-0.2509505	0
chr21	34101720	34101853	10	0.0864249	0.934478	0.848053	0
chr21	34395135	34395463	20	0.6959885	0.0634542	-0.6325344	0
chr21	34395484	34395809	19	0.590673	0.1008574	-0.4898157	0
chr21	34397541	34397733	13	0.7092594	0.1434196	-0.5658398	0
chr21	34398006	34398278	27	0.6633516	0.0904046	-0.572947	0
chr21	34398620	34398982	18	0.7425446	0.0988631	-0.6436816	0
chr21	34399243	34399481	26	0.6762662	0.070918	-0.6053482	0
chr21	34399784	34400155	49	0.7018858	0.0683633	-0.6335224	0
chr21	34442354	34442674	35	0.4526818	0.0822151	-0.3704667	0
chr21	34442731	34443052	27	0.4879962	0.0777217	-0.4102745	0
chr21	34443066	34443402	36	0.4707586	0.1175477	-0.3532109	0
chr21	34443781	34443882	10	0.4814002	0.0866226	-0.3947776	0
chr21	34444364	34444450	13	0.5015909	0.1198488	-0.3817421	0
chr21	34508776	34508911	8	0.4684351	0.335849	-0.1325861	0.0406065
chr21	34638646	34639071	37	0.1875225	0.0388435	-0.148679	0.0000039
chr21	34655014	34655127	3	0.7374263	0.5154347	-0.2219916	0.002946
chr21	34662343	34662453	7	0.8438183	0.7114373	-0.132381	0.0267474
chr21	34753093	34753157	3	0.4364016	0.2818079	-0.1545937	0.0297671
chr21	34774385	34774440	3	0.0779811	0.2977317	0.2197506	0.0189703
chr21	34775472	34775725	36	0.6712504	0.0598391	-0.6114113	0
chr21	34775735	34775992	37	0.6378908	0.0471918	-0.590699	0
chr21	34776301	34776415	13	0.6744274	0.0783468	-0.5960806	0
chr21	34806550	34806685	4	0.935227	0.6954946	-0.2397324	0.0046615
chr21	34863666	34863952	24	0.7738209	0.0294039	-0.744417	0
chr21	34863959	34864241	25	0.7626404	0.0544468	-0.7081936	0
chr21	34882797	34882984	9	0.8574744	0.6760545	-0.1814199	0.0173441
chr21	34920181	34920324	7	0.3562898	0.2322989	-0.123991	0.0352317
chr21	34960454	34960781	35	0.8693541	0.0318015	-0.8375526	0
chr21	34960795	34961131	50	0.7931292	0.0459116	-0.7472177	0
chr21	35014896	35015330	57	0.7863838	0.0442147	-0.7421691	0
chr21	35015333	35015764	39	0.7783379	0.0762831	-0.7020548	0
chr21	35043740	35043858	8	0.6388392	0.8217505	0.1829113	0.0000202
chr21	35062044	35062310	8	0.7131517	0.5860957	-0.127056	0.0462205
chr21	35205893	35206149	14	0.6516376	0.7806254	0.1289878	0.0217716
chr21	35220812	35220978	4	0.8565555	0.5795988	-0.2769567	0.004518
chr21	35232467	35232535	3	0.3126173	0.4955593	0.1829421	0.0200243
chr21	35240218	35240393	9	0.7403196	0.6145369	-0.1257827	0.0141371
chr21	35351973	35352041	5	0.3187072	0.6197564	0.3010492	0.0005919
chr21	35445261	35445589	39	0.173197	0.0303211	-0.1428759	0
chr21	35445610	35445956	61	0.2076352	0.0468869	-0.1607484	0.0000001
chr21	35747585	35747841	25	0.5835912	0.0495432	-0.534048	0
chr21	35747853	35748101	23	0.5492733	0.0542536	-0.4950197	0
chr21	35859639	35859774	5	0.4123216	0.6606685	0.2483469	0.0000673
chr21	35986817	35987298	65	0.254496	0.0506569	-0.2038391	0
chr21	35987301	35987784	43	0.3086962	0.0504406	-0.2582556	0
chr21	36041809	36042053	33	0.2356166	0.3478285	0.1122119	0.0008598
chr21	36140467	36140670	9	0.3557299	0.2163339	-0.139396	0.0359229
chr21	36164167	36164474	31	0.590713	0.8949452	0.3042323	0
chr21	36164509	36164798	36	0.5493632	0.8109745	0.2616114	0
chr21	36260945	36261408	49	0.2497187	0.0490517	-0.2006671	0
chr21	36261421	36261837	50	0.2965423	0.0345351	-0.2620072	0
chr21	36261909	36262367	41	0.2154884	0.0379991	-0.1774893	0.0000009
chr21	36262369	36262842	48	0.2959191	0.0544342	-0.2414849	0
chr21	36364539	36364673	4	0.6318145	0.8707521	0.2389376	0.0081588
chr21	36402362	36402496	8	0.7720682	0.5977697	-0.1742985	0.0047244
chr21	36479520	36479773	11	0.6681646	0.4696673	-0.1984972	0.0062459
chr21	36532733	36532929	6	0.8198533	0.6373095	-0.1825438	0.0001836
chr21	36553423	36553621	4	0.7495739	0.6087497	-0.1408241	0.0204997
chr21	36577157	36577374	5	0.8431642	0.6154844	-0.2276797	0.0001568
chr21	36649847	36649915	3	0.3222991	0.4796704	0.1573713	0.0417591
chr21	36877500	36877705	5	0.2639304	0.4538484	0.189918	0.0145783
chr21	37074194	37074262	4	0.6281563	0.4227954	-0.2053609	0.0172572
chr21	37079789	37079883	4	0.6178517	0.5043467	-0.113505	0.0336189
chr21	37188634	37188705	3	0.8901609	0.6736235	-0.2165374	0.0201702
chr21	37202144	37202250	5	0.5202483	0.8115215	0.2912732	0.0000128
chr21	37356842	37356959	4	0.0037441	0.141828	0.1380839	0.0024763
chr21	37442214	37442492	32	0.6373402	0.0815669	-0.5557733	0
chr21	37462859	37463001	6	0.2787331	0.4692954	0.1905623	0.0236556
chr21	37507283	37507523	24	0.2784281	0.0573666	-0.2210615	0.0000008
chr21	37508022	37508206	12	0.2543027	0.0184662	-0.2358366	0.0000039
chr21	37508747	37508807	4	0.179762	0.0336316	-0.1461304	0.0005723
chr21	37542621	37542667	4	0.2468517	0.0931726	-0.1536792	0.0235993
chr21	37559189	37559279	6	0.4424583	0.3174981	-0.1249601	0.0448297
chr21	37581512	37581580	3	0.0041805	0.1963429	0.1921624	0.0003475
chr21	37622446	37622639	8	0.7571779	0.8780171	0.1208393	0.0077452
chr21	37627590	37627720	6	0.8952214	0.7707918	-0.1244295	0.0016621
chr21	37631424	37631558	9	0.7792881	0.8815056	0.1022176	0.0240739
chr21	37692299	37692780	54	0.5670049	0.0405339	-0.526471	0
chr21	37760277	37760416	6	0.4100433	0.5608435	0.1508002	0.0149059
chr21	37761344	37761466	6	0.5847117	0.3911586	-0.1935531	0.0094281
chr21	37773287	37773458	5	0.3743691	0.5271315	0.1527624	0.0361144
chr21	37776692	37776958	12	0.5431969	0.3642328	-0.1789641	0.0005114
chr21	37822549	37822685	4	0.395502	0.5556559	0.1601539	0.013388
chr21	37963813	37964069	8	0.3632824	0.4880374	0.124755	0.0334296
chr21	37985169	37985274	3	0.6718678	0.5045164	-0.1673514	0.0358863
chr21	38021819	38021889	5	0.4540118	0.2929482	-0.1610637	0.0049235
chr21	38061035	38061114	3	0.7003603	0.5035802	-0.1967801	0.0226434
chr21	38065496	38065800	28	0.1051748	0.2685969	0.1634221	0.0000001
chr21	38065813	38066116	17	0.1171759	0.2580311	0.1408552	0.0010477
chr21	38079701	38079775	5	0.1115178	0.2981551	0.1866373	0.0004229
chr21	38082058	38082221	7	0.279273	0.4500908	0.1708177	0.0222632
chr21	38101950	38102078	4	0.2078978	0.3579574	0.1500596	0.011486
chr21	38119896	38120211	45	0.3528939	0.0908738	-0.2620201	0
chr21	38120336	38120557	25	0.3956106	0.1195365	-0.2760742	0
chr21	38253570	38253632	3	0.238075	0.0868637	-0.1512112	0.0112104
chr21	38258589	38258657	4	0.1983915	0.3707897	0.1723982	0.0014739
chr21	38264626	38264805	8	0.3751483	0.5186373	0.143489	0.0064553
chr21	38274788	38274885	4	0.2792487	0.5143082	0.2350596	0.0004305
chr21	38330810	38331013	9	0.5042101	0.3361036	-0.1681065	0.0027791
chr21	38352995	38353074	8	0.4331455	0.1037334	-0.3294121	0
chr21	38368438	38368508	3	0.2100554	0.0493946	-0.1606608	0.0089129
chr21	38548051	38548165	4	0.3831956	0.1890631	-0.1941325	0.0005425
chr21	38593122	38593502	31	0.8234147	0.0495333	-0.7738814	0
chr21	38638311	38638379	6	0.1129603	0.7696192	0.6566589	0
chr21	38639541	38639900	34	0.1920134	0.0401912	-0.1518223	0
chr21	38640170	38640458	35	0.1718928	0.0651477	-0.1067451	0.0006828
chr21	38653510	38653625	4	0.2241976	0.1026289	-0.1215688	0.0049891
chr21	38935404	38935584	8	0.0911203	0.1970049	0.1058846	0.0313177
chr21	39018714	39018775	3	0.337931	0.0122435	-0.3256875	0.0000491
chr21	39039780	39039930	8	0.5467014	0.6931484	0.146447	0.0103337
chr21	39057706	39057840	6	0.6067154	0.4883418	-0.1183737	0.0187319
chr21	39204629	39204792	7	0.420702	0.5856415	0.1649396	0.0055552
chr21	39348672	39348820	9	0.4707966	0.3442798	-0.1265169	0.0276894
chr21	39538480	39538549	3	0.4743411	0.1999578	-0.2743834	0.0021474
chr21	39685241	39685371	5	0.3257837	0.5224111	0.1966274	0.0180348
chr21	39726252	39726379	6	0.2898896	0.4224215	0.1325319	0.0143545
chr21	39748479	39748568	3	0.2481095	0.5147579	0.2666484	0.0000021
chr21	39776393	39776434	3	0.3619209	0.2147389	-0.147182	0.0388739
chr21	39971531	39971573	4	0.2861156	0.4907409	0.2046253	0.003102
chr21	39985617	39985671	3	0.5644875	0.3398777	-0.2246097	0.0256255
chr21	40090011	40090143	7	0.329682	0.5665784	0.2368964	0.0018649
chr21	40177142	40177548	32	0.7875698	0.0395484	-0.7480214	0
chr21	40177852	40178225	38	0.8163865	0.0407466	-0.7756399	0
chr21	40178274	40178619	35	0.8653158	0.0348515	-0.8304643	0
chr21	40357663	40358075	13	0.5112729	0.6968039	0.185531	0.0047383
chr21	40429787	40429991	6	0.5166538	0.6602002	0.1435463	0.0142165
chr21	40456553	40456621	4	0.3747316	0.6464162	0.2716847	0.0035961
chr21	40485750	40485808	3	0.866522	0.5900693	-0.2764526	0.0000127
chr21	40555096	40555326	27	0.7738119	0.0636427	-0.7101693	0
chr21	40555724	40555889	17	0.8236408	0.0301139	-0.7935269	0
chr21	40720584	40720998	61	0.5628792	0.0400453	-0.5228339	0
chr21	40721010	40721426	32	0.5543189	0.0388811	-0.5154377	0
chr21	40729972	40730041	3	0.0025233	0.1402566	0.1377333	0.0000062
chr21	40817359	40817630	23	0.7604956	0.0500412	-0.7104544	0
chr21	40817639	40817913	38	0.8384424	0.0588314	-0.779611	0
chr21	40822346	40822525	6	0.6020508	0.4597882	-0.1422627	0.0115545
chr21	40830664	40830868	8	0.5722559	0.3485122	-0.2237437	0.0004404
chr21	40900549	40900607	3	0.5528743	0.4161743	-0.1367	0.0110389
chr21	40938222	40938359	7	0.4032691	0.5745086	0.1712395	0.0021415
chr21	40976273	40976386	8	0.5224545	0.3792252	-0.1432293	0.0015084
chr21	41045310	41045395	3	0.2077086	0.3630419	0.1553333	0.0020503
chr21	41144100	41144155	3	0.3017372	0.4285045	0.1267673	0.035746
chr21	41454957	41455077	3	0.5420349	0.3259874	-0.2160474	0.0251155
chr21	41550841	41550907	8	0.3913673	0.5252933	0.1339261	0.0036286
chr21	42218498	42218811	30	0.2014427	0.0880219	-0.1134208	0.0010982
chr21	42368495	42368511	3	0.0069076	0.2395891	0.2326815	0.002352
chr21	42448284	42448478	5	0.0440812	0.1740212	0.12994	0.0242383
chr21	42468546	42468718	5	0.2819333	0.1275954	-0.1543379	0.0354279
chr21	42576219	42576263	3	0.2994231	0.0028719	-0.2965512	0.0005915
chr21	42609096	42609297	9	0.1744415	0.0553682	-0.1190733	0.0269903
chr21	42754925	42755143	6	0.4265541	0.3179457	-0.1086084	0.0296339
chr21	42820454	42820559	6	0.5349512	0.3533603	-0.1815909	0.020323
chr21	42885069	42885251	6	0.561039	0.4224424	-0.1385966	0.0362115
chr21	42891579	42891715	3	0.3483007	0.5872843	0.2389836	0.0076757
chr21	42925010	42925086	3	0.1993809	0.3515879	0.152207	0.0048587
chr21	43054399	43054483	3	0.4227832	0.2290557	-0.1937275	0.0025427
chr21	43104110	43104162	4	0.4369118	0.6095994	0.1726876	0.0105323
chr21	43109546	43109602	6	0.4507686	0.7819613	0.3311927	0
chr21	43157262	43157461	5	0.6749563	0.4732945	-0.2016618	0.0003531
chr21	43188432	43188532	5	0.2007049	0.0719326	-0.1287723	0.0433015
chr21	43188649	43188778	3	0.0317694	0.1523454	0.120576	0.0467308
chr21	43198643	43198706	5	0.2847702	0.1439779	-0.1407923	0.0157519
chr21	43236330	43236496	11	0.2618287	0.7001363	0.4383076	0
chr21	43293276	43293348	3	0.3721301	0.2185512	-0.1535789	0.0262456
chr21	43299195	43299235	5	0.1453418	0.2897104	0.1443686	0.0022669
chr21	43336553	43336708	5	0.1963166	0.3473283	0.1510117	0.0105607
chr21	43350238	43350365	3	0.3651094	0.176987	-0.1881224	0.0027174
chr21	43373468	43373954	54	0.2945056	0.0459315	-0.2485741	0
chr21	43380079	43380120	3	0.3885832	0.2077916	-0.1807915	0.0067887
chr21	43458574	43458744	4	0.2417267	0.0828311	-0.1588955	0.0012048
chr21	43465435	43465472	3	0.1998237	0.0147224	-0.1851013	0.0368585
chr21	43467305	43467335	3	0.3716407	0.1711169	-0.2005238	0.0109001
chr21	43474419	43474627	5	0.1272763	0.3344495	0.2071733	0.0039052
chr21	43580654	43581017	11	0.8688779	0.7134444	-0.1554336	0.000328
chr21	43638975	43639446	60	0.3513981	0.0483241	-0.3030739	0
chr21	43639486	43639928	32	0.3319611	0.0326536	-0.2993075	0
chr21	43640054	43640107	6	0.3827329	0.0021682	-0.3805647	0
chr21	43680398	43680494	4	0.538928	0.3312288	-0.2076992	0.0044446
chr21	43726165	43726290	9	0.3751773	0.7608026	0.3856252	0
chr21	43730645	43730825	6	0.3877938	0.6399048	0.252111	0.000046
chr21	43766717	43766782	3	0.6236021	0.2924628	-0.3311392	0
chr21	43769848	43769908	3	0.157024	0.3447729	0.1877489	0.000078
chr21	43786663	43786727	3	0.4136539	0.3016295	-0.1120245	0.024639
chr21	43832047	43832145	4	0.598851	0.4396285	-0.1592225	0.0082268
chr21	43874015	43874153	6	0.5497038	0.4214736	-0.1282303	0.0496284
chr21	43896529	43896916	11	0.4164387	0.5823163	0.1658776	0.0125826
chr21	43921542	43921558	3	0.1983382	0.0469052	-0.1514329	0.0165888
chr21	43968061	43968186	6	0.5786087	0.7225477	0.1439391	0.0251431
chr21	43982930	43982995	5	0.6464332	0.4920985	-0.1543348	0.0055523
chr21	44037331	44037460	10	0.255169	0.5882708	0.3331018	0.0000007
chr21	44099664	44099856	6	0.6802019	0.5754733	-0.1047287	0.0148018
chr21	44106398	44106646	19	0.293303	0.7779598	0.4846568	0
chr21	44140972	44141039	4	0.6536596	0.5270288	-0.1266308	0.0448111
chr21	44162668	44162737	3	0.6156414	0.4506158	-0.1650256	0.0164146
chr21	44299152	44299405	27	0.1769193	0.0552429	-0.1216765	0.0000225
chr21	44300505	44300588	4	0.0490019	0.6665556	0.6175536	0
chr21	44316427	44316709	14	0.4844009	0.3796816	-0.1047194	0.0460654
chr21	44332858	44333030	9	0.4459516	0.2817496	-0.164202	0.0040915
chr21	44366887	44367011	5	0.301711	0.5330707	0.2313597	0.0195311
chr21	44376411	44376520	5	0.3219339	0.4665141	0.1445801	0.0301571
chr21	44377569	44377687	6	0.3601198	0.2263934	-0.1337265	0.0313813
chr21	44477814	44477938	8	0.1605053	0.9324509	0.7719457	0
chr21	44482731	44482795	3	0.2983767	0.5424724	0.2440957	0.0149445
chr21	44486205	44486353	9	0.4998148	0.6835522	0.1837374	0.0006197
chr21	44501991	44502053	3	0.9781671	0.7550058	-0.2231612	0.002251
chr21	44573869	44574006	12	0.3549997	0.6098219	0.2548222	0.003057
chr21	44577261	44577329	3	0.3868726	0.6272359	0.2403632	0.0049625
chr21	44591953	44592050	3	0.4018665	0.7083627	0.3064962	0.0005729
chr21	44697445	44697549	4	0.6480794	0.477624	-0.1704553	0.0009692
chr21	44702071	44702115	3	0.6628226	0.481089	-0.1817336	0.0270103
chr21	44739619	44739795	5	0.6887701	0.5360303	-0.1527397	0.0054202
chr21	44742214	44742434	12	0.6581637	0.7878021	0.1296384	0.0005973
chr21	44758736	44758794	3	0.3907954	0.5423402	0.1515448	0.0255314
chr21	44766748	44766934	7	0.7009557	0.4894797	-0.211476	0.002494
chr21	44796946	44797025	3	0.7372808	0.4866034	-0.2506774	0.0003778
chr21	44815709	44815896	5	0.7390323	0.9117339	0.1727016	0.0163924
chr21	44819327	44819695	15	0.7381131	0.601365	-0.1367481	0.0134247
chr21	44830999	44831142	11	0.1719765	0.742608	0.5706314	0
chr21	44839166	44839563	19	0.7920322	0.8935698	0.1015376	0.0162098
chr21	44840130	44840441	23	0.5150534	0.8184283	0.3033748	0.0000162
chr21	44857527	44857774	8	0.0973341	0.2224239	0.1250898	0.0287949
chr21	44865421	44865708	12	0.11333	0.608462	0.4951321	0
chr21	44881782	44881873	4	0.7045443	0.8782815	0.1737372	0.0329266
chr21	44898553	44898856	10	0.8918167	0.7502969	-0.1415198	0.0182523
chr21	44913396	44913451	3	0.5680944	0.8053934	0.237299	0.0001927
chr21	44918396	44918527	3	0.8293594	0.6796636	-0.1496958	0.0474747
chr21	45002223	45002343	3	0.004167	0.4759182	0.4717512	0.0000056
chr21	45063561	45063695	7	0.3609464	0.5352069	0.1742605	0.0072769
chr21	45104113	45104247	8	0.9831691	0.8627258	-0.1204432	0.0005851
chr21	45138335	45138750	50	0.1777821	0.0416835	-0.1360987	0.0000069
chr21	45138780	45139172	47	0.1943166	0.046502	-0.1478146	0
chr21	45139191	45139609	53	0.1862534	0.0554241	-0.1308293	0.0000147
chr21	45151975	45152107	3	0.8346969	0.6847681	-0.1499288	0.0387248
chr21	45153706	45153848	5	0.6485702	0.7948987	0.1463285	0.0357263
chr21	45159831	45159978	5	0.735579	0.5016646	-0.2339144	0.0108324
chr21	45161661	45161948	10	0.7924383	0.6776645	-0.1147739	0.0489411
chr21	45176069	45176158	4	0.5855097	0.4439329	-0.1415768	0.0228846
chr21	45196501	45196638	15	0.3076058	0.2072151	-0.1003906	0.015457
chr21	45201695	45201831	4	0.1152908	0.311565	0.1962742	0.006748
chr21	45205511	45205594	4	0.3945885	0.2345893	-0.1599992	0.0305024
chr21	45222300	45222516	9	0.4166377	0.2657415	-0.1508962	0.025673
chr21	45222974	45223032	3	0.2693361	0.4185493	0.1492132	0.0451781
chr21	45271468	45271585	4	0.1823838	0.4930631	0.3106793	0.0001016
chr21	45280964	45281079	5	0.4125623	0.2687317	-0.1438306	0.0401122
chr21	45292684	45292721	3	0.5059687	0.2553592	-0.2506094	0.0014755
chr21	45324256	45324342	4	0.1928962	0.3821263	0.1892301	0.0011835
chr21	45336782	45337209	22	0.4604602	0.3397945	-0.1206658	0.0064129
chr21	45344525	45344576	4	0.3206101	0.2118012	-0.1088089	0.020462
chr21	45360723	45360886	9	0.2818998	0.4032327	0.1213329	0.043461
chr21	45363511	45363698	13	0.3738361	0.8297296	0.4558934	0
chr21	45402512	45402550	6	0.6173441	0.7498392	0.1324951	0.0229904
chr21	45523228	45523305	5	0.7318162	0.6156956	-0.1161206	0.0186131
chr21	45540318	45540393	6	0.4538156	0.3090046	-0.1448109	0.0054657
chr21	45553061	45553425	34	0.6390093	0.0410522	-0.5979571	0
chr21	45553882	45553958	9	0.5879934	0.0454217	-0.5425717	0
chr21	45559470	45559828	19	0.3617096	0.6048747	0.2431651	0.000068
chr21	45593750	45594024	8	0.4712695	0.5946517	0.1233822	0.0383621
chr21	45622435	45622493	4	0.0900281	0.4791258	0.3890976	0.0000121
chr21	45639078	45639508	10	0.3964622	0.5412885	0.1448263	0.0419342
chr21	45647649	45647971	11	0.4356385	0.5548163	0.1191778	0.0229629
chr21	45661015	45661276	24	0.4278968	0.0543233	-0.3735735	0
chr21	45661742	45661793	3	0.3116411	0.0850575	-0.2265836	0.0076482
chr21	45662109	45662530	33	0.4274607	0.0617641	-0.3656966	0
chr21	45662678	45662968	27	0.4394514	0.0649326	-0.3745188	0
chr21	45705601	45705758	18	0.6307338	0.2806581	-0.3500757	0
chr21	45705870	45705914	10	0.6604628	0.2598296	-0.4006331	0
chr21	45706900	45707096	9	0.3675828	0.5600424	0.1924596	0.0030254
chr21	45707217	45707433	6	0.2110251	0.4044484	0.1934232	0.0002216
chr21	45719652	45720138	70	0.3803798	0.0470976	-0.3332822	0
chr21	45720270	45720445	22	0.331667	0.0266392	-0.3050278	0
chr21	45739652	45739737	5	0.5498279	0.7433022	0.1934743	0.0027981
chr21	45753806	45753958	7	0.0307389	0.6525847	0.6218458	0
chr21	45761888	45762070	7	0.2439374	0.4250223	0.1810849	0.0100987
chr21	45845198	45845577	25	0.2603964	0.537737	0.2773406	0
chr21	45854762	45855047	12	0.4345737	0.5525056	0.1179318	0.0381961
chr21	45856396	45856579	5	0.4460794	0.7230595	0.2769801	0.0005215
chr21	45857830	45857992	6	0.3784844	0.5278548	0.1493704	0.013609
chr21	45882012	45882246	11	0.3825767	0.534982	0.1524053	0.0074064
chr21	45883632	45883900	23	0.2957786	0.5988953	0.3031167	0
chr21	45919835	45920091	10	0.4617501	0.5709104	0.1091602	0.0279844
chr21	45933785	45933890	4	0.4840402	0.6023795	0.1183394	0.0497117
chr21	45945541	45945602	5	0.5124671	0.3727226	-0.1397445	0.0320946
chr21	45999694	45999835	7	0.5687133	0.4520895	-0.1166238	0.0454804
chr21	46034296	46034483	7	0.5241958	0.3860206	-0.1381752	0.0107946
chr21	46048470	46048609	3	0.3427412	0.5114309	0.1686897	0.0420831
chr21	46059536	46059688	5	0.3289587	0.4721282	0.1431695	0.004893
chr21	46143489	46143566	10	0.6365208	0.0803092	-0.5562116	0
chr21	46149403	46149530	5	0.8087674	0.651589	-0.1571784	0.0027667
chr21	46221395	46221630	16	0.9428741	0.370792	-0.572082	0
chr21	46221649	46221900	25	0.9012467	0.5996766	-0.3015701	0.0027396
chr21	46222183	46222340	15	0.9640621	0.6142924	-0.3497697	0.0004068
chr21	46222767	46223011	8	0.7215587	0.6170613	-0.1044974	0.0367142
chr21	46235689	46235767	3	0.250522	0.564226	0.313704	0.0000954
chr21	46299535	46299701	4	0.1385848	0.0284189	-0.1101659	0.001959
chr21	46306545	46306700	11	0.2065117	0.8995939	0.6930823	0
chr21	46316300	46316486	7	0.7468523	0.8672415	0.1203893	0.0366196
chr21	46320441	46320487	3	0.1759322	0.5892139	0.4132817	0
chr21	46349088	46349130	3	0.2179703	0.071228	-0.1467422	0.0030077
chr21	46353573	46353631	5	0.2749622	0.061746	-0.2132161	0.0000032
chr21	46353813	46353965	3	0.0038578	0.367239	0.3633813	0
chr21	46359699	46359852	21	0.7430414	0.0460302	-0.6970112	0
chr21	46359966	46360408	47	0.7350981	0.0368122	-0.6982859	0
chr21	46369186	46369500	14	0.0968446	0.7025054	0.6056608	0
chr21	46388156	46388226	5	0.283652	0.6130473	0.3293952	0
chr21	46392221	46392298	7	0.2641233	0.7266337	0.4625105	0
chr21	46399280	46399402	13	0.7592232	0.6371744	-0.1220488	0.0024856
chr21	46406847	46407004	6	0.5138843	0.7140112	0.200127	0.0005062
chr21	46407552	46407986	20	0.7291383	0.6139843	-0.1151539	0.0112945
chr21	46408724	46408971	9	0.5760408	0.7545486	0.1785078	0.008641
chr21	46417922	46418100	7	0.6017256	0.7133536	0.111628	0.0403686
chr21	46422340	46422526	8	0.5270154	0.6535892	0.1265738	0.0272318
chr21	46477006	46477140	4	0.8142816	0.6277439	-0.1865377	0.0411728
chr21	46494288	46494668	68	0.839891	0.044451	-0.79544	0
chr21	46494670	46495045	52	0.845412	0.03471	-0.810702	0
chr21	46495053	46495428	33	0.8452162	0.0584979	-0.7867183	0
chr21	46520851	46521161	23	0.7772249	0.6772142	-0.1000107	0.0303315
chr21	46553660	46553763	12	0.5278566	0.8603839	0.3325273	0
chr21	46553992	46554392	37	0.4960784	0.855928	0.3598496	0
chr21	46620792	46620908	3	0.5376398	0.7284323	0.1907925	0.0249785
chr21	46655165	46655271	3	0.4846717	0.7083061	0.2236344	0.0029005
chr21	46706774	46706917	14	0.4901179	0.2382636	-0.2518543	0.0000014
chr21	46720312	46720561	8	0.6859809	0.7987441	0.1127632	0.0278519
chr21	46737727	46737826	5	0.3456647	0.5839746	0.2383098	0.0003838
chr21	46767083	46767462	20	0.6606474	0.5583217	-0.1023257	0.0327136
chr21	46803617	46803741	7	0.8136824	0.7041867	-0.1094958	0.0373818
chr21	46812286	46812616	11	0.7293589	0.5633602	-0.1659987	0.0031359
chr21	46824612	46825004	46	0.3713365	0.0532809	-0.3180555	0
chr21	46825015	46825397	52	0.3903007	0.0358387	-0.3544621	0
chr21	46825677	46825937	42	0.366057	0.0482284	-0.3178286	0
chr21	46825941	46826199	27	0.339256	0.0440891	-0.2951668	0
chr21	46834533	46834727	9	0.7514248	0.6000262	-0.1513986	0.039987
chr21	46846381	46846556	13	0.0687843	0.5292903	0.4605059	0
chr21	46850264	46850740	14	0.2180572	0.5040335	0.2859763	0.0000001
chr21	46860545	46860586	3	0.2132231	0.4646825	0.2514593	0.0059729
chr21	46863327	46863586	13	0.6797638	0.7859914	0.1062276	0.0481145
chr21	46877554	46877933	10	0.6509868	0.7825984	0.1316116	0.0018017
chr21	46892107	46892230	8	0.1258593	0.6936636	0.5678043	0
chr21	46895307	46895640	11	0.5622262	0.7437011	0.181475	0.0011642
chr21	46907180	46907505	13	0.6328695	0.5063122	-0.1265573	0.0400498
chr21	46912468	46912885	19	0.4993679	0.7231086	0.2237407	0.0026652
chr21	46913237	46913671	17	0.2570869	0.8309555	0.5738686	0
chr21	46915129	46915280	11	0.5639643	0.7181771	0.1542128	0.0075277
chr21	46929463	46929511	7	0.3202683	0.7134411	0.3931728	0
chr21	46929741	46929903	15	0.3866122	0.7712337	0.3846214	0
chr21	46948403	46948473	5	0.5122546	0.6306767	0.1184221	0.0176237
chr21	46951003	46951418	24	0.0841716	0.8351067	0.7509351	0
chr21	46951449	46951822	39	0.1227409	0.9171932	0.7944524	0
chr21	46951849	46952261	33	0.1125297	0.8731469	0.7606172	0
chr21	46955926	46955999	8	0.2854917	0.6645468	0.3790551	0
chr21	46956415	46956760	17	0.4117746	0.6640873	0.2523127	0.0000682
chr21	46961701	46962124	40	0.2503626	0.0925688	-0.1577938	0.0000559
chr21	46962143	46962556	52	0.3140652	0.1015993	-0.212466	0
chr21	46962563	46962990	42	0.2608702	0.1266834	-0.1341868	0.0002737
chr21	46977181	46977485	11	0.4070794	0.5093486	0.1022692	0.0279966
chr21	47014627	47014776	5	0.2520429	0.3775779	0.125535	0.0357093
chr21	47034586	47034788	8	0.3684344	0.5093388	0.1409044	0.0062787
chr21	47053124	47053170	6	0.5413332	0.7815894	0.2402562	0.0120907
chr21	47062037	47062386	42	0.2887739	0.0609057	-0.2278682	0
chr21	47062397	47062752	42	0.2804385	0.0952798	-0.1851587	0.0004949
chr21	47063135	47063501	33	0.3167122	0.1039325	-0.2127797	0.0000006
chr21	47063505	47063870	57	0.3214657	0.1111672	-0.2102985	0
chr21	47063876	47064243	29	0.2552917	0.127404	-0.1278876	0.0012499
chr21	47155748	47155840	3	0.4520394	0.5935044	0.141465	0.0374099
chr21	47184798	47184888	3	0.6027652	0.3356189	-0.2671463	0.0052712
chr21	47229443	47229611	10	0.6708124	0.798503	0.1276906	0.0285645
chr21	47279720	47280093	9	0.6333719	0.8047759	0.1714039	0.0122072
chr21	47295095	47295139	6	0.2493763	0.3884595	0.1390831	0.000398
chr21	47320576	47320641	5	0.6631938	0.4529514	-0.2102424	0.0309282
chr21	47329624	47329792	8	0.715663	0.5901868	-0.1254762	0.0153273
chr21	47333731	47333790	4	0.7007755	0.8095368	0.1087613	0.0316547
chr21	47334174	47334418	13	0.0778876	0.6455097	0.5676221	0
chr21	47363221	47363409	7	0.6621471	0.4553419	-0.2068052	0.0104831
chr21	47369359	47369384	4	0.8170756	0.5805263	-0.2365493	0.0171437
chr21	47390474	47390637	6	0.4345547	0.5461045	0.1115497	0.0264402
chr21	47392304	47392660	17	0.3818006	0.2323321	-0.1494685	0.0336096
chr21	47392701	47393038	14	0.2724684	0.1169673	-0.1555011	0.033559
chr21	47393075	47393405	30	0.3174126	0.0936108	-0.2238018	0
chr21	47393696	47394061	29	0.2877929	0.0843459	-0.2034469	0
chr21	47394068	47394431	35	0.3378935	0.1156951	-0.2221984	0
chr21	47409042	47409123	5	0.3896929	0.610356	0.2206632	0.0001943
chr21	47409238	47409570	11	0.3154718	0.5090325	0.1935607	0.0048231
chr21	47409591	47409922	16	0.4252068	0.6797063	0.2544995	0.0000678
chr21	47416439	47416571	6	0.7805922	0.669164	-0.1114282	0.0181393
chr21	47430757	47430901	11	0.3361936	0.6705095	0.3343158	0.0000023
chr21	47457250	47457616	21	0.2499477	0.8152385	0.5652907	0
chr21	47517246	47517671	17	0.4221591	0.3175634	-0.1045956	0.004748
chr21	47532120	47532333	23	0.1555204	0.8261428	0.6706223	0
chr21	47532557	47532772	12	0.1408528	0.7710475	0.6301947	0
chr21	47550352	47550389	3	0.5274579	0.8526659	0.325208	0.0001792
chr21	47565568	47565894	32	0.0673978	0.7185277	0.6511299	0
chr21	47565923	47566231	23	0.0770091	0.5906549	0.5136458	0
chr21	47626411	47626550	5	0.5865373	0.4704993	-0.116038	0.0414741
chr21	47640151	47640191	3	0.6981056	0.843474	0.1453684	0.0129086
chr21	47641788	47641918	6	0.7070253	0.8854263	0.178401	0.017317
chr21	47648252	47648525	24	0.8854612	0.044418	-0.8410432	0
chr21	47648565	47648861	33	0.858185	0.0479881	-0.8101969	0
chr21	47649157	47649440	34	0.8785266	0.0529275	-0.825599	0
chr21	47712447	47712521	6	0.2197064	0.3306428	0.1109364	0.0178186
chr21	47712891	47712965	4	0.2509973	0.4047893	0.153792	0.0083367
chr21	47717248	47717626	37	0.6329712	0.1574104	-0.4755608	0
chr21	47717634	47718006	38	0.6369876	0.1608016	-0.476186	0
chr21	47734287	47734342	3	0.8346094	0.9794281	0.1448187	0.0027136
chr21	47742891	47743080	12	0.7430328	0.0759254	-0.6671075	0
chr21	47743469	47743879	40	0.1955934	0.0552861	-0.1403072	0.0001468
chr21	47743885	47744289	47	0.1915019	0.0360537	-0.1554481	0
chr21	47744294	47744700	40	0.1921442	0.0480089	-0.1441353	0.0002118
chr21	47744702	47745112	51	0.1884587	0.0475694	-0.1408894	0.0000023
chr21	47769648	47769675	4	0.6068391	0.7374296	0.1305905	0.0432468
chr21	47772034	47772095	4	0.8242065	0.6595446	-0.1646619	0.0090248
chr21	47793737	47793942	10	0.7768136	0.90461	0.1277964	0.0001778
chr21	47809854	47809976	4	0.0858571	0.8700995	0.7842424	0
chr21	47833119	47833238	8	0.1987905	0.6830367	0.4842462	0
chr21	47870440	47870593	5	0.1848475	0.0819394	-0.1029081	0.0127156
chr21	47918538	47918693	11	0.5333645	0.7187409	0.1853764	0.0000904
chr21	48081656	48081834	16	0.0945366	0.5854625	0.4909259	0
chrX	19052774	19052848	6	0.0561332	0.2452897	0.1891565	0.0279292
