chr	start	end	length	nCG	meanMethy1	meanMethy2	diff.Methy	areaStat
chr21	46494288	46495424	1137	302	0.837373254918532	0.0751330973178068	0.762240157600725	1734.27341024713
chr21	40177142	40178620	1479	209	0.809097392859773	0.0668435576932569	0.742253835166516	1187.12389153306
chr21	47648252	47649441	1190	175	0.859171832569792	0.0855748967244239	0.773596935845368	1032.9830718875
chr21	46951003	46952262	1260	191	0.133968813275718	0.863042896561935	-0.729074083286216	-959.593998317582
chr21	34960454	34961126	673	166	0.822719094258244	0.0837018509463243	0.73901724331192	874.184648982523
chr21	35014896	35015765	870	188	0.7638958863314	0.0843229622595215	0.679572924071879	849.322032757088
chr21	18984619	18985634	1016	232	0.6586306363783	0.0847118228409792	0.573918813537321	773.825614792061
chr21	34398111	34400153	2043	220	0.698055721191731	0.119885069210632	0.578170651981099	767.418872530535
chr21	40817359	40817914	556	121	0.814243154296045	0.0890228677815996	0.725220286514445	632.563103830722
chr21	46359716	46360409	694	133	0.749144819412614	0.0817344833352107	0.667410336077404	599.655244075155
chr21	34775472	34775966	495	143	0.663880836721092	0.0916224009147516	0.572258435806341	497.447892456084
chr21	40555096	40555890	795	85	0.790991245977197	0.082143661857259	0.708847584119938	442.736231749055
chr21	34863666	34864242	577	96	0.780290665276176	0.0872157822002047	0.693074883075971	437.301776696548
chr21	40720584	40720999	416	121	0.549070127409434	0.0793361344724052	0.469733992937029	347.223382982641
chr21	37692299	37692781	483	107	0.582332104109993	0.06726253325513	0.515069570854863	323.7126576398
chr21	47565568	47565990	423	76	0.100556030898748	0.713055863633438	-0.61249983273469	-290.046621830852
chr21	38593122	38593503	382	61	0.817376640396766	0.0914336897608739	0.725942950635892	277.249325800495
chr21	45553068	45553959	892	83	0.64638280706442	0.0851445667952451	0.561238240269175	271.667376139833
chr21	16436924	16437250	327	114	0.486968065388041	0.0774455777582119	0.409522487629829	266.077471022222
chr21	33246031	33246581	551	111	0.856739542197026	0.42493445859017	0.431805083606856	238.308744782576
chr21	35747585	35747955	371	71	0.592435813012355	0.0753546493998877	0.517081163612468	237.578736694833
chr21	9926563	9927096	534	73	0.123774792829218	0.668470131712922	-0.544695338883704	-232.379565634517
chr21	15436219	15436568	350	73	0.242372200909953	0.830995812176529	-0.588623611266576	-224.917590097414
chr21	47717472	47717890	419	88	0.642180592054773	0.174693502130636	0.467487089924137	222.64941163885
chr21	37442214	37442493	280	64	0.674715575987627	0.105949685677759	0.568765890309867	218.321861277752
chr21	47532120	47532593	474	52	0.18701552152556	0.828840737694683	-0.641825216169122	-207.721040837328
chr21	15308268	15308877	610	46	0.126601147879078	0.761701281887542	-0.635100134008464	-171.696699635273
chr21	33245458	33245700	243	58	0.878069890413672	0.400831685985402	0.47723820442827	163.91533270264
chr21	40721208	40721427	220	45	0.588797990732492	0.0745607352040074	0.514237255528484	144.355846269532
chr21	15436657	15436867	211	35	0.212852329708041	0.868163789286306	-0.655311459578265	-137.638945710061
chr21	34395437	34395810	374	41	0.653017123362697	0.13910307222184	0.513914051140857	127.226971373948
chr21	16436616	16436831	216	54	0.447191998890807	0.0735411527127106	0.373650846178096	117.293937322814
chr21	34397548	34398045	498	33	0.691814438427695	0.127264933443359	0.564549504984336	116.441777238137
chr21	47742891	47743081	191	23	0.77569233142246	0.0870422427809136	0.688650088641546	116.353784673424
chr21	16437516	16437791	276	49	0.450286361646044	0.0636625733764465	0.386623788269598	101.990502272402
chr21	46221395	46221516	122	24	0.914885671125407	0.260726483243844	0.654159187881562	101.439918330142
chr21	46369253	46369498	246	20	0.128124713257071	0.837450696546135	-0.709325983289064	-97.4713713022231
chr21	34776301	34776416	116	26	0.679466130652656	0.112313513077792	0.567152617574864	96.0189179173926
chr21	34101720	34101850	131	17	0.130282417783045	0.905326001628804	-0.775043583845759	-84.9608929933091
chr21	34395151	34395331	181	29	0.654623381551182	0.103874240626275	0.550749140924907	81.9379005649529
chr21	44840130	44840442	313	43	0.512656036551074	0.858850151065343	-0.346194114514269	-80.0751839744534
chr21	46306545	46306701	157	20	0.238844171827499	0.874479670406136	-0.635635498578637	-77.4785140223772
chr21	47334244	47334419	176	23	0.150738159651414	0.718414155655684	-0.56767599600427	-77.2566450277293
chr21	44106498	44106647	150	17	0.185774865262056	0.818863700652682	-0.633088835390626	-74.5848098370999
chr21	33032350	33032426	77	30	0.887145682712086	0.458328641967618	0.428817040744467	73.7687123284909
chr21	46143489	46143567	79	20	0.632699167061489	0.102790665153901	0.529908501907588	71.9417013546655
chr21	48081665	48081835	171	29	0.126044842671507	0.575773800565996	-0.449728957894489	-70.7649500365675
chr21	33765522	33765695	174	30	0.783808030297795	0.337023602499057	0.446784427798738	69.1728259203339
chr21	46846381	46846513	133	23	0.103996491855247	0.646864267604029	-0.542867775748782	-69.0547818691331
chr21	47566043	47566181	139	23	0.103784028587701	0.607780396382769	-0.503996367795068	-66.3976757414433
chr21	44477814	44477939	126	14	0.189325739078584	0.915648350139996	-0.726322611061411	-65.5192071481751
chr21	38638311	38638380	70	12	0.1342731104703	0.763621072314813	-0.629347961844513	-63.3769222594815
chr21	35748012	35748095	84	20	0.579620413945683	0.0814885746096621	0.498131839336021	61.7595704278251
chr21	30391630	30391721	92	22	0.506969107318388	0.0552136218965666	0.451755485421822	61.0537152996042
chr21	31311628	31311722	95	22	0.573989549043009	0.114767840944539	0.459221708098471	59.619260552526
chr21	33245020	33245112	93	18	0.84871410236157	0.391019558658229	0.457694543703341	57.782777528932
chr21	33031748	33031814	67	14	0.785524159593032	0.234212837569638	0.551311322023394	55.4767062231463
chr21	47532655	47532773	119	15	0.196595851605022	0.851817481763012	-0.65522163015799	-55.0173364319214
chr21	46222183	46222338	156	27	0.945957817400935	0.609561629509184	0.336396187891752	54.7666584151675
chr21	32716168	32716263	96	25	0.498990663011025	0.0864596115776416	0.412531051433384	54.7174629954041
chr21	47457250	47457376	127	19	0.335920468022232	0.830097718913138	-0.494177250890905	-53.4047736501345
chr21	45363511	45363699	189	26	0.388754880554706	0.774145613538049	-0.385390732983343	-51.5549017380125
chr21	31311430	31311540	111	17	0.560815902279248	0.0776077425229677	0.48320815975628	48.6734558405017
chr21	34444364	34444445	82	23	0.518650661169228	0.122209089499292	0.396441571669935	48.0920121995087
chr21	47457534	47457605	72	14	0.238003818396756	0.777681426402628	-0.539677608005872	-45.3864968704262
chr21	44831040	44831143	104	17	0.214640567209952	0.76197536227874	-0.547334795068788	-43.4516472779582
chr21	30365201	30365319	119	18	0.824661194819027	0.406953822235717	0.41770737258331	43.3303264454106
chr21	47717953	47718007	55	19	0.72035605872595	0.272841879731604	0.447514178994346	42.6603609071743
chr21	43236431	43236481	51	14	0.317461109252967	0.833547545921094	-0.516086436668127	-42.2004420368474
chr21	40721085	40721135	51	14	0.533278337512699	0.061207154508206	0.472071183004493	41.619609773451
chr21	46850594	46850741	148	14	0.112339596789062	0.574911765579541	-0.46257216879048	-39.9881973163705
chr21	44865421	44865551	131	15	0.191009734547677	0.67331446099167	-0.482304726443993	-38.9660242382878
chr21	43639824	43639880	57	18	0.451563919777329	0.0784946152399564	0.373069304537373	38.0745899611623
chr21	30445743	30445856	114	19	0.910930644446818	0.515242327349326	0.395688317097492	36.4462620576411
chr21	45753806	45753931	126	10	0.0639020366524146	0.680281908621207	-0.616379871968792	-34.7737020873615
chr21	46392244	46392299	56	12	0.295024653934579	0.788779476216876	-0.493754822282297	-31.0248307449706
chr21	47833135	47833227	93	11	0.228779467415351	0.714849780887138	-0.486070313471788	-26.8666329341968
chr21	47430757	47430840	84	7	0.321100694854973	0.677326546238369	-0.356225851383395	-14.4073615262623
chr21	46388163	46388227	65	7	0.301734272869998	0.684279095740042	-0.382544822870044	-12.8703506653856
chr21	46320076	46320488	413	7	0.201626049149536	0.621544282711001	-0.419918233561466	-12.7584592753059
chr21	38258589	38258649	61	5	0.1904364008351	0.418464501217328	-0.228028100382228	-5.88818426021793
chr21	46804198	46804597	400	7	0.73207227033094	0.570687654070095	0.161384616260845	4.60243111097107
chr21	15069255	15069323	69	5	0.343701028668086	0.416693506155901	-0.0729924774878154	-1.54624312709643
chr21	38367720	38367799	80	7	0.346373254338477	0.314637761145293	0.0317354931931842	0.91593234995922
chr21	43730645	43730749	105	7	0.487174428842903	0.507522062235341	-0.0203476333924387	0.130728272786668
