chr	start	end	len	DM	num.CG	total.CG	meanCov.test	meanCov.control	meanDiff.mC	meanPost
chr21	9825653	9825653	1	hyper	1	1	15.75	15.75	0.6098	0.5
chr21	9826256	9826256	1	hyper	1	1	8.75	18.5	0.7095	0.7667
chr21	9826636	9826637	2	hyper	2	2	18.5	9.5	0.5083	0.85
chr21	9826718	9826718	1	hyper	1	1	13.25	13.75	0.5679	0.5333
chr21	9826887	9826887	1	hyper	1	1	18.5	10.75	0.6974	0.8
chr21	9826932	9826932	1	hyper	1	1	21.75	12.25	0.4932	0.5667
chr21	9876842	9876842	1	hyper	1	1	21.75	15.25	0.4328	0.5667
chr21	9876963	9876963	1	hyper	1	1	23.5	13	0.4412	0.5
chr21	9876999	9876999	1	hyper	1	1	23.5	13	0.5329	0.6667
chr21	9879239	9879239	1	hyper	1	1	18	10	0.5678	0.5333
chr21	9968721	9968721	1	hyper	1	1	12.5	23.5	0.3632	0.6
chr21	10597283	10597283	1	hyper	1	1	19.75	6.25	0.7148	0.8
chr21	10598283	10598283	1	hyper	1	1	31.25	22	0.8849	0.9333
chr21	10884805	10884805	1	hyper	1	1	33	33.25	0.327	0.5667
chr21	10885060	10885060	1	hyper	1	1	26.75	7.5	0.4191	0.6667
chr21	10891859	10891859	1	hyper	1	1	16.5	9.5	0.4059	0.5667
chr21	10990715	10990715	1	hyper	1	1	19.25	41	0.4627	0.6
chr21	10991005	10991005	1	hyper	1	1	41.75	34.25	0.5253	0.7667
chr21	11017390	11017390	1	hyper	1	1	13	11	0.3194	0.7
chr21	11099119	11099119	1	hyper	1	1	27.5	12.75	0.3804	0.7333
chr21	11116690	11116699	10	hyper	2	2	21	13.5	0.361	0.7333
chr21	14409963	14409963	1	hyper	1	1	23	15.5	0.3354	0.5667
chr21	14565026	14565026	1	hyper	1	1	12	15.75	0.3714	0.6667
chr21	14568665	14568665	1	hyper	1	1	21.25	12	0.3058	0.6
chr21	14568842	14568842	1	hyper	1	1	38.25	6.5	0.595	0.5333
chr21	14625540	14625540	1	hyper	1	1	24.5	10.25	0.3728	0.5
chr21	14625560	14625560	1	hyper	1	1	20	20.5	0.3004	0.6
chr21	14740552	14740552	1	hyper	1	1	16	10.5	0.3981	0.6
chr21	14751241	14751241	1	hyper	1	1	6	11.5	0.3955	0.5667
chr21	14800847	14800847	1	hyper	1	1	6	24	0.4018	0.6333
chr21	15069357	15069357	1	hyper	1	1	8	29.75	0.4139	0.5667
chr21	15077622	15077622	1	hyper	1	1	34.25	40.5	0.4481	0.6667
chr21	15353428	15353428	1	hyper	1	1	27	19.75	0.5523	0.7667
chr21	15416760	15416760	1	hyper	1	1	8	8.25	0.7455	0.8
chr21	15427022	15427022	1	hyper	1	1	16	6.75	0.6023	0.5333
chr21	15430513	15430513	1	hyper	1	1	12.5	9	0.596	0.5333
chr21	15588643	15588646	4	hyper	2	2	18.5	6.5	0.6446	0.7834
chr21	15673547	15673547	1	hyper	1	1	43.75	11	0.3077	0.5667
chr21	15869868	15869868	1	hyper	1	1	15.25	17	0.3762	0.7333
chr21	15902420	15902420	1	hyper	1	1	22.25	22	0.4234	0.7333
chr21	15978440	15978440	1	hyper	1	1	20.25	31	0.3104	0.7333
chr21	16057183	16057183	1	hyper	1	1	13.75	13	0.5083	0.5667
chr21	16416337	16416337	1	hyper	1	1	15.5	17.5	0.3411	0.5667
chr21	16436688	16436696	9	hyper	3	3	16.75	19.5	0.5738	0.7778
chr21	16436732	16436732	1	hyper	1	1	15.75	3.5	0.515	0.8
chr21	16436773	16436773	1	hyper	1	1	14.75	24	0.5791	0.6333
chr21	16436795	16436795	1	hyper	1	1	14.75	24	0.7952	1
chr21	16436826	16436831	6	hyper	2	2	14.75	24	0.5378	0.7167
chr21	16436930	16436930	1	hyper	1	1	2.25	11.75	0.777	0.9333
chr21	16436941	16436944	4	hyper	2	2	2.25	11.75	0.8542	0.9834
chr21	16436958	16436960	3	hyper	2	2	2.25	11.75	0.698	0.7
chr21	16437022	16437022	1	hyper	1	1	29.75	28.75	0.7146	1
chr21	16437025	16437025	1	hyper	1	1	29.75	28.75	0.6004	0.7
chr21	16437029	16437041	13	hyper	3	3	30.33	27.25	0.5673	0.9222
chr21	16437050	16437051	2	hyper	2	2	30.62	26.5	0.6024	0.9834
chr21	16437056	16437056	1	hyper	1	1	29.75	28.75	0.5244	0.8667
chr21	16437073	16437073	1	hyper	1	1	29.75	28.75	0.6348	0.5333
chr21	16437078	16437078	1	hyper	1	1	29.75	28.75	0.622	0.9
chr21	16437108	16437112	5	hyper	2	2	20.62	20.5	0.612	0.9333
chr21	16437114	16437114	1	hyper	1	1	19.25	19.5	0.4746	0.6
chr21	16437120	16437120	1	hyper	1	1	19.25	19.5	0.7004	0.9667
chr21	16437127	16437133	7	hyper	4	4	20.62	20.5	0.5506	0.7084
chr21	16437143	16437150	8	hyper	2	2	16.5	21.88	0.451	0.6334
chr21	16437154	16437154	1	hyper	1	1	7.5	22	0.4375	0.5667
chr21	16437187	16437187	1	hyper	1	1	7.5	22	0.6356	0.5667
chr21	16437200	16437216	17	hyper	7	7	9.5	22.14	0.5801	0.8619
chr21	16437223	16437224	2	hyper	2	2	9.25	22.12	0.6928	0.9834
chr21	16437227	16437234	8	hyper	3	3	8.67	22.08	0.6528	0.8222
chr21	16437250	16437250	1	hyper	1	1	7.5	22	0.5375	0.5667
chr21	16437740	16437740	1	hyper	1	1	12.25	6.5	0.7654	1
chr21	16437768	16437769	2	hyper	2	2	11.25	7.38	0.5388	0.9334
chr21	16591883	16591883	1	hyper	1	1	22.25	5	0.4986	0.7
chr21	16601333	16601333	1	hyper	1	1	12	4	0.4162	0.6333
chr21	16639386	16639386	1	hyper	1	1	25.25	10.25	0.3747	0.5
chr21	16639620	16639620	1	hyper	1	1	18.25	17.5	0.3521	0.6333
chr21	16660933	16660933	1	hyper	1	1	20	17.75	0.3443	0.7667
chr21	16686989	16686989	1	hyper	1	1	7	14	0.3942	0.5667
chr21	17102021	17102021	1	hyper	1	1	11	16	0.5861	0.5667
chr21	17246032	17246042	11	hyper	2	2	11.62	6.38	0.3528	0.55
chr21	17246101	17246101	1	hyper	1	1	10.25	7.5	0.4246	0.5333
chr21	17398822	17398822	1	hyper	1	1	21.75	5.75	0.4352	0.5667
chr21	17418727	17418727	1	hyper	1	1	12.5	30.5	0.4715	0.5
chr21	17758565	17758565	1	hyper	1	1	15.25	15	0.549	0.9333
chr21	17930520	17930520	1	hyper	1	1	25	21.75	0.338	0.6
chr21	18010808	18010808	1	hyper	1	1	14	22.5	0.4658	0.7
chr21	18032835	18032835	1	hyper	1	1	4.25	7.5	0.5506	0.7
chr21	18102579	18102579	1	hyper	1	1	14.5	7.25	0.763	0.9667
chr21	18542162	18542222	61	hyper	2	2	19.75	13.25	0.4263	0.55
chr21	18665273	18665273	1	hyper	1	1	5.25	25.5	0.45	0.5333
chr21	18708480	18708480	1	hyper	1	1	13	29.5	0.3014	0.6333
chr21	18748530	18748530	1	hyper	1	1	5.75	20.5	0.3957	0.6667
chr21	18748614	18748614	1	hyper	1	1	5.75	20.5	0.6131	0.5667
chr21	18748652	18748652	1	hyper	1	1	5.75	20.5	0.4068	0.6
chr21	18834339	18834339	1	hyper	1	1	13.25	12.75	0.4305	0.6667
chr21	18839321	18839321	1	hyper	1	1	20.25	14.75	0.5228	0.5
chr21	18857604	18857604	1	hyper	1	1	18.5	11	0.5568	0.6667
chr21	18857661	18857661	1	hyper	1	1	17.25	11.75	0.4011	0.5667
chr21	18885536	18885536	1	hyper	1	1	9.25	15.75	0.7768	0.8
chr21	18885549	18885549	1	hyper	1	1	9.25	15.75	0.6547	0.9333
chr21	18885644	18885644	1	hyper	1	1	9.25	15.75	0.6607	0.9
chr21	18885727	18885727	1	hyper	1	1	13.25	27.25	0.5202	0.5333
chr21	18885742	18885743	2	hyper	2	2	14.12	27.25	0.7067	1
chr21	18885753	18885753	1	hyper	1	1	13.25	27.25	0.837	0.9667
chr21	18885758	18885758	1	hyper	1	1	15	27.25	0.6208	0.5
chr21	18885762	18885772	11	hyper	4	4	14.12	27.25	0.6547	0.775
chr21	18936152	18936152	1	hyper	1	1	17.5	24.5	0.3471	0.9
chr21	18984625	18984625	1	hyper	1	1	10.5	21.75	0.7561	0.6667
chr21	18984627	18984627	1	hyper	1	1	10.5	21.75	0.6788	0.8667
chr21	18984646	18984646	1	hyper	1	1	10.5	21.75	0.841	1
chr21	18984669	18984669	1	hyper	1	1	10.5	21.75	0.8626	1
chr21	18984671	18984702	32	hyper	6	6	10.75	24	0.702	0.7889
chr21	18984711	18984711	1	hyper	1	1	11	26.25	0.8031	0.9
chr21	18984719	18984734	16	hyper	4	4	9.25	14.88	0.8241	0.8
chr21	18984737	18984749	13	hyper	3	3	8.33	11.17	0.9042	0.9445
chr21	18984770	18984770	1	hyper	1	1	9	11	0.4958	0.8
chr21	18984793	18984803	11	hyper	4	4	8.5	11.12	0.7241	0.8167
chr21	18984805	18984814	10	hyper	2	2	8.5	11.12	0.5918	0.5333
chr21	18984816	18984821	6	hyper	3	3	8.67	11.08	0.7773	0.9778
chr21	18984827	18984827	1	hyper	1	1	9	11	0.8931	0.9667
chr21	18984830	18984830	1	hyper	1	1	8	11.25	0.6657	0.8667
chr21	18984842	18984842	1	hyper	1	1	9	11	0.4917	0.7333
chr21	18984850	18984850	1	hyper	1	1	9	11	0.8022	0.7667
chr21	18984853	18984853	1	hyper	1	1	9	11	0.6605	0.8667
chr21	18985105	18985124	20	hyper	3	3	25.75	16.5	0.7669	0.7667
chr21	18985136	18985136	1	hyper	1	1	25.75	16.5	0.5503	0.5
chr21	18985144	18985146	3	hyper	2	2	5.25	9.75	0.7892	0.85
chr21	18985157	18985157	1	hyper	1	1	5.25	9.75	0.7965	0.9333
chr21	18985162	18985162	1	hyper	1	1	5.25	9.75	0.585	0.6
chr21	18985179	18985179	1	hyper	1	1	5.25	9.75	0.9423	0.9333
chr21	18985204	18985208	5	hyper	2	2	5.25	9.75	0.9712	1
chr21	18985216	18985216	1	hyper	1	1	5.25	9.75	0.8414	0.9667
chr21	18985240	18985240	1	hyper	1	1	5.25	9.75	0.7965	1
chr21	18985253	18985253	1	hyper	1	1	5.25	9.75	0.7673	0.9
chr21	18985260	18985283	24	hyper	2	2	6	19.25	0.8358	0.9666
chr21	18985299	18985299	1	hyper	1	1	6.75	28.75	0.9068	1
chr21	18985316	18985316	1	hyper	1	1	6.75	28.75	0.8426	0.9667
chr21	18985318	18985319	2	hyper	2	2	5.88	26.38	0.7852	0.7333
chr21	20124119	20124119	1	hyper	1	1	25	4.75	0.8209	1
chr21	20131990	20131990	1	hyper	1	1	15.25	9	0.5755	0.7
chr21	20393866	20393866	1	hyper	1	1	21.25	10.25	0.5014	0.6667
chr21	20393874	20393874	1	hyper	1	1	21.25	10.25	0.3703	0.8
chr21	20865955	20865955	1	hyper	1	1	25	4	0.6728	0.6333
chr21	20946627	20946627	1	hyper	1	1	35.25	10.5	0.3226	0.7333
chr21	20946729	20946729	1	hyper	1	1	28	10.5	0.5646	0.6667
chr21	21219074	21219074	1	hyper	1	1	8.25	24.25	0.4659	0.5333
chr21	21467761	21467761	1	hyper	1	1	7.25	19.5	0.4935	0.5
chr21	21519282	21519282	1	hyper	1	1	19.5	32.25	0.3964	0.5333
chr21	21806008	21806008	1	hyper	1	1	24.75	23.25	0.4666	0.7
chr21	21960475	21960475	1	hyper	1	1	7.75	14.25	0.3786	0.6
chr21	21967766	21967766	1	hyper	1	1	21.75	18.25	0.3637	0.7333
chr21	21967842	21967842	1	hyper	1	1	21.75	18.25	0.3617	0.5667
chr21	21997241	21997241	1	hyper	1	1	28	11.75	0.3381	0.8667
chr21	22013101	22013101	1	hyper	1	1	11	18.25	0.3978	0.7
chr21	22369506	22369506	1	hyper	1	1	23	10.75	0.49	0.9
chr21	22369569	22369569	1	hyper	1	1	23	10.75	0.6311	0.9
chr21	22370241	22370241	1	hyper	1	1	22.25	15	0.5203	0.7
chr21	22370646	22370646	1	hyper	1	1	10.25	21	0.368	0.6667
chr21	22370686	22370686	1	hyper	1	1	10.25	21	0.3414	0.8667
chr21	22370746	22370746	1	hyper	1	1	10.25	23.25	0.4496	0.7333
chr21	22786915	22786915	1	hyper	1	1	11.5	14.5	0.401	0.5333
chr21	22851680	22851680	1	hyper	1	1	16.25	22.75	0.3281	0.6
chr21	23119438	23119438	1	hyper	1	1	10.75	16.25	0.365	0.8
chr21	23162861	23162861	1	hyper	1	1	6.5	10.75	0.3222	0.5667
chr21	23162893	23162893	1	hyper	1	1	6.5	10.75	0.3098	0.6
chr21	23303579	23303579	1	hyper	1	1	21.5	18.75	0.3273	0.7333
chr21	23360316	23360316	1	hyper	1	1	13.75	26.5	0.4446	0.6667
chr21	23495586	23495586	1	hyper	1	1	14.25	17	0.3247	0.7
chr21	23582250	23582250	1	hyper	1	1	3.75	13.25	0.3758	0.6
chr21	23722691	23722691	1	hyper	1	1	25.75	50.5	0.449	0.8333
chr21	24393928	24393928	1	hyper	1	1	12	8.25	0.4066	0.6
chr21	24473568	24473568	1	hyper	1	1	14.25	22	0.3069	0.5
chr21	24641739	24641771	33	hyper	2	2	22.75	39.75	0.3563	0.6834
chr21	24793311	24793311	1	hyper	1	1	28.25	11	0.4565	0.7667
chr21	24829330	24829330	1	hyper	1	1	9.25	11	0.3223	0.5
chr21	24935269	24935269	1	hyper	1	1	12	11	0.3603	0.5
chr21	24974547	24974547	1	hyper	1	1	26.25	5.5	0.3217	0.5
chr21	25008560	25008560	1	hyper	1	1	11.75	22.5	0.4265	0.6667
chr21	25008653	25008653	1	hyper	1	1	10.25	10.75	0.7835	0.9333
chr21	25128648	25128648	1	hyper	1	1	12	26.75	0.6269	0.7333
chr21	25179412	25179412	1	hyper	1	1	11.75	3.5	0.4029	0.5
chr21	25180334	25180334	1	hyper	1	1	8.75	19.5	0.6022	0.5667
chr21	25211836	25211836	1	hyper	1	1	23.5	11.25	0.3099	0.5333
chr21	25229657	25229657	1	hyper	1	1	5.5	46	0.419	0.8333
chr21	25295033	25295033	1	hyper	1	1	9.25	18.75	0.4342	0.7
chr21	25295082	25295082	1	hyper	1	1	13.75	14	0.3208	0.5667
chr21	25337238	25337238	1	hyper	1	1	10	22.5	0.5008	0.5333
chr21	25486751	25486751	1	hyper	1	1	22	17	0.4503	0.5667
chr21	25519479	25519479	1	hyper	1	1	20	16.5	0.5328	0.6667
chr21	25581256	25581256	1	hyper	1	1	26	13.25	0.5158	0.6333
chr21	25682619	25682619	1	hyper	1	1	18.75	8.5	0.3024	0.5667
chr21	25871218	25871218	1	hyper	1	1	14.5	15.5	0.3637	0.6667
chr21	26140033	26140033	1	hyper	1	1	23.25	19.75	0.4847	0.8667
chr21	26424238	26424238	1	hyper	1	1	19.5	15.5	0.3464	0.7
chr21	26426255	26426255	1	hyper	1	1	40.75	22.5	0.4585	0.7667
chr21	26656374	26656374	1	hyper	1	1	15	8.5	0.449	0.6333
chr21	26979809	26979810	2	hyper	2	2	17.62	6.5	0.5972	0.7333
chr21	26980003	26980003	1	hyper	1	1	12.5	19.75	0.6271	0.6
chr21	27071816	27071816	1	hyper	1	1	23.5	9.75	0.4682	0.5667
chr21	27945437	27945437	1	hyper	1	1	17.25	20	0.6821	0.8667
chr21	27945454	27945464	11	hyper	2	2	15.75	20.12	0.6384	0.7834
chr21	27945468	27945469	2	hyper	2	2	15.75	20.12	0.6009	0.8334
chr21	27945481	27945487	7	hyper	2	2	15.75	20.12	0.5626	0.85
chr21	27945552	27945552	1	hyper	1	1	14.25	20.25	0.6447	0.8667
chr21	28197230	28197230	1	hyper	1	1	13.5	43.75	0.3636	0.5333
chr21	30365204	30365205	2	hyper	2	2	12.12	28.88	0.5692	0.7667
chr21	30365247	30365319	73	hyper	6	6	6.25	20	0.5428	0.8944
chr21	30372593	30372593	1	hyper	1	1	23.25	9	0.4115	0.5333
chr21	30391510	30391510	1	hyper	1	1	25.5	9.5	0.7787	0.9333
chr21	30391631	30391662	32	hyper	3	3	19.25	12.75	0.5686	0.8778
chr21	30391693	30391702	10	hyper	3	3	8	12.75	0.5579	0.8778
chr21	30391714	30391714	1	hyper	1	1	8	12.75	0.7238	0.6667
chr21	30445794	30445800	7	hyper	5	5	11.7	39.7	0.5402	0.6933
chr21	30834292	30834292	1	hyper	1	1	16.75	19.25	0.484	0.5333
chr21	30913577	30913577	1	hyper	1	1	9.75	13.75	0.4517	0.5333
chr21	30947303	30947303	1	hyper	1	1	12	19.5	0.3967	0.6
chr21	31311540	31311540	1	hyper	1	1	15.5	11.25	0.46	0.5333
chr21	31311635	31311635	1	hyper	1	1	13.25	12.75	0.8006	1
chr21	31311644	31311644	1	hyper	1	1	13.25	12.75	0.6887	0.7333
chr21	31311646	31311646	1	hyper	1	1	13.25	12.75	0.5089	0.5667
chr21	31311655	31311668	14	hyper	7	7	12.96	12.75	0.585	0.8524
chr21	31311717	31311717	1	hyper	1	1	13.25	12.75	0.6928	0.9667
chr21	32528220	32528220	1	hyper	1	1	14.25	14	0.531	0.6667
chr21	32716181	32716181	1	hyper	1	1	21.25	15.25	0.6241	0.8667
chr21	32716218	32716239	22	hyper	4	4	25.94	17.25	0.4306	0.7916
chr21	32716345	32716345	1	hyper	1	1	23.75	17	0.6642	0.9333
chr21	32744794	32744794	1	hyper	1	1	10.75	8.75	0.7528	0.6333
chr21	32834128	32834128	1	hyper	1	1	8.5	11	0.7256	0.8333
chr21	32931060	32931060	1	hyper	1	1	7.25	26.25	0.6487	0.7667
chr21	33031748	33031748	1	hyper	1	1	19.75	23.5	0.782	0.8333
chr21	33031751	33031794	44	hyper	7	7	21.46	23.5	0.6945	0.9762
chr21	33031807	33031807	1	hyper	1	1	23.75	23.5	0.7754	0.6667
chr21	33031814	33031814	1	hyper	1	1	23.75	23.5	0.7754	0.8667
chr21	33032350	33032350	1	hyper	1	1	11.75	27.5	0.7164	0.5
chr21	33032354	33032361	8	hyper	5	5	11.65	29	0.4984	0.8333
chr21	33032369	33032380	12	hyper	7	7	11.64	29.11	0.4843	0.8714
chr21	33032395	33032408	14	hyper	7	7	11.61	29.64	0.4945	0.8238
chr21	33032410	33032426	17	hyper	5	5	11.6	29.75	0.5053	0.9
chr21	33032599	33032628	30	hyper	4	4	10	21.5	0.4922	0.8417
chr21	33244929	33244937	9	hyper	3	3	15.33	17.17	0.3791	0.6889
chr21	33245020	33245020	1	hyper	1	1	19.5	38.75	0.6232	0.8
chr21	33245027	33245077	51	hyper	9	9	17.56	44.72	0.614	0.9704
chr21	33245082	33245082	1	hyper	1	1	26.75	74	0.3648	0.5
chr21	33245197	33245197	1	hyper	1	1	24.25	49.25	0.5459	0.5333
chr21	33245211	33245211	1	hyper	1	1	24.25	49.25	0.413	0.6
chr21	33245485	33245488	4	hyper	2	2	34.5	44	0.5374	0.95
chr21	33245494	33245510	17	hyper	8	8	33.75	44.75	0.5718	0.9334
chr21	33245520	33245523	4	hyper	2	2	33.75	44.75	0.5724	0.85
chr21	33245525	33245525	1	hyper	1	1	34.5	44	0.5393	0.6
chr21	33245533	33245533	1	hyper	1	1	34.5	44	0.5242	0.8333
chr21	33245544	33245544	1	hyper	1	1	34.5	44	0.6924	0.9
chr21	33245549	33245567	19	hyper	9	9	33.67	44.83	0.5213	0.8889
chr21	33245572	33245591	20	hyper	4	4	33.38	45.12	0.5038	0.85
chr21	33245642	33245700	59	hyper	9	9	29.75	20.75	0.6594	0.9519
chr21	33245850	33245850	1	hyper	1	1	28	53.75	0.4216	0.7333
chr21	33245864	33245864	1	hyper	1	1	23.25	23	0.4144	0.5667
chr21	33245876	33245876	1	hyper	1	1	23.25	23	0.4306	0.5333
chr21	33245899	33245899	1	hyper	1	1	23.25	23	0.4121	0.7333
chr21	33245909	33245909	1	hyper	1	1	28	59.75	0.6536	1
chr21	33246031	33246042	12	hyper	4	4	12.38	38	0.4809	0.7333
chr21	33246050	33246050	1	hyper	1	1	14.75	40.5	0.5536	0.5
chr21	33246052	33246059	8	hyper	3	3	13.17	38.83	0.4977	0.6444
chr21	33246061	33246073	13	hyper	5	5	12.85	38.5	0.4753	0.68
chr21	33246117	33246117	1	hyper	1	1	9.75	35.25	0.5027	0.6
chr21	33246157	33246216	60	hyper	8	8	12.38	38	0.5399	0.6292
chr21	33246218	33246218	1	hyper	1	1	14.75	40.5	0.6896	0.7
chr21	33246264	33246264	1	hyper	1	1	6.25	35.5	0.6232	0.8
chr21	33246288	33246295	8	hyper	2	2	6.25	35.5	0.7319	1
chr21	33246349	33246349	1	hyper	1	1	6.25	35.5	0.4784	0.6667
chr21	33259239	33259239	1	hyper	1	1	8.25	4.75	0.3	0.6
chr21	33279970	33279970	1	hyper	1	1	7.5	11.75	0.6047	0.5667
chr21	33288654	33288654	1	hyper	1	1	19.25	14	0.4144	0.6
chr21	33369326	33369326	1	hyper	1	1	21	17	0.3163	0.5333
chr21	33453413	33453413	1	hyper	1	1	14.75	18.5	0.4598	0.8667
chr21	33506504	33506505	2	hyper	2	2	14.38	27.75	0.4313	0.75
chr21	33608608	33608608	1	hyper	1	1	20.5	12	0.5025	0.7333
chr21	33608612	33608612	1	hyper	1	1	13	13.25	0.4494	0.5667
chr21	33696999	33696999	1	hyper	1	1	20	22.75	0.3409	0.6
chr21	33719711	33719772	62	hyper	2	2	17.25	7	0.4468	0.7834
chr21	33765147	33765147	1	hyper	1	1	36.25	11.75	0.468	0.6
chr21	33765178	33765178	1	hyper	1	1	44.25	13.25	0.5824	0.8333
chr21	33765249	33765249	1	hyper	1	1	44.25	13.25	0.4082	0.5333
chr21	33765592	33765592	1	hyper	1	1	13.5	17.5	0.6928	0.5333
chr21	33765597	33765597	1	hyper	1	1	13.5	17.5	0.6571	0.6
chr21	33765622	33765623	2	hyper	2	2	13.38	15.75	0.7019	0.9334
chr21	33765637	33765679	43	hyper	4	4	14.44	36.12	0.5534	0.7167
chr21	33765687	33765687	1	hyper	1	1	13.75	30.5	0.5085	0.7
chr21	34032240	34032240	1	hyper	1	1	35.75	18.5	0.5264	0.5333
chr21	34057364	34057364	1	hyper	1	1	14.5	9	0.4872	0.5333
chr21	34099741	34099741	1	hyper	1	1	32	20	0.5779	0.8667
chr21	34099944	34099944	1	hyper	1	1	8.25	6.75	0.756	0.6667
chr21	34100235	34100235	1	hyper	1	1	7	12.25	0.6667	0.7333
chr21	34100298	34100298	1	hyper	1	1	6.75	30	0.5721	0.8667
chr21	34100360	34100360	1	hyper	1	1	29.5	10.75	0.6542	0.5667
chr21	34100386	34100386	1	hyper	1	1	32.25	19.75	0.5691	0.6333
chr21	34218933	34218933	1	hyper	1	1	14	16	0.7428	0.5667
chr21	34395490	34395549	60	hyper	3	3	19.83	6.58	0.7955	1
chr21	34395552	34395552	1	hyper	1	1	19.25	5.25	0.7951	1
chr21	34395566	34395582	17	hyper	3	3	20.42	7.92	0.7531	0.9889
chr21	34395591	34395619	29	hyper	3	3	23.42	10.67	0.6141	0.9111
chr21	34397548	34397549	2	hyper	2	2	26.62	23.75	0.8272	1
chr21	34397552	34397626	75	hyper	10	10	26.6	23.75	0.6869	0.86
chr21	34397641	34397642	2	hyper	2	2	26	23.25	0.4585	0.7333
chr21	34397655	34397655	1	hyper	1	1	23.5	22	0.8554	1
chr21	34397690	34397734	45	hyper	2	2	23.5	22	0.7662	0.9
chr21	34398012	34398012	1	hyper	1	1	8.5	22.25	0.5831	0.8
chr21	34398111	34398115	5	hyper	3	3	34.08	16.33	0.642	0.6333
chr21	34398132	34398173	42	hyper	7	7	34.14	15.32	0.6562	0.9333
chr21	34398179	34398194	16	hyper	7	7	34.14	15.32	0.7215	0.8238
chr21	34398199	34398200	2	hyper	2	2	34.12	15.62	0.722	0.9166
chr21	34398243	34398263	21	hyper	4	4	25.38	17.62	0.7296	0.8333
chr21	34398279	34398279	1	hyper	1	1	27.5	20	0.619	0.7667
chr21	34398620	34398638	19	hyper	2	2	20.75	21.25	0.7667	0.85
chr21	34398644	34398644	1	hyper	1	1	20.75	21.25	0.7428	0.9
chr21	34398658	34398773	116	hyper	8	8	21.84	21.78	0.7228	0.8833
chr21	34398808	34398808	1	hyper	1	1	21.5	24.5	0.7564	0.8
chr21	34398836	34398836	1	hyper	1	1	21.5	24.5	0.7829	0.9667
chr21	34398849	34398915	67	hyper	3	3	22.08	24.5	0.6912	0.8
chr21	34398917	34398918	2	hyper	2	2	22.38	24.5	0.863	1
chr21	34398950	34398950	1	hyper	1	1	23.25	24.5	0.7338	0.6
chr21	34398968	34398968	1	hyper	1	1	21.5	24.5	0.9056	1
chr21	34398983	34398983	1	hyper	1	1	23.25	24.5	0.6854	0.7667
chr21	34399243	34399243	1	hyper	1	1	35	12	0.6382	0.5333
chr21	34399266	34399313	48	hyper	5	5	35	12	0.7806	0.9933
chr21	34399326	34399336	11	hyper	5	5	6.4	11.3	0.644	0.7733
chr21	34399342	34399342	1	hyper	1	1	6.25	11.75	0.975	0.9
chr21	34399356	34399356	1	hyper	1	1	6.25	11.75	0.8188	0.9333
chr21	34399361	34399421	61	hyper	7	7	6.39	11.32	0.7448	0.8238
chr21	34399430	34399437	8	hyper	6	6	6.38	11.38	0.7501	0.8778
chr21	34399443	34399446	4	hyper	3	3	6.33	11.5	0.8564	0.9778
chr21	34399797	34399803	7	hyper	4	4	20.5	11.5	0.7705	1
chr21	34399815	34399815	1	hyper	1	1	21.75	12.5	0.6668	0.6333
chr21	34399817	34399838	22	hyper	3	3	20.92	11.83	0.6519	0.7667
chr21	34399842	34399864	23	hyper	10	10	20.5	11.5	0.622	0.78
chr21	34399875	34399877	3	hyper	3	3	20.92	11.83	0.7977	0.8333
chr21	34399903	34399903	1	hyper	1	1	19.25	10.5	0.7167	0.5667
chr21	34400118	34400118	1	hyper	1	1	6.25	18.5	0.875	1
chr21	34400131	34400131	1	hyper	1	1	6.25	18.5	0.8542	1
chr21	34400152	34400153	2	hyper	2	2	6.25	19.75	0.8676	1
chr21	34420791	34420791	1	hyper	1	1	5	15	0.4908	0.7
chr21	34442354	34442360	7	hyper	2	2	12.25	9	0.609	0.7667
chr21	34442524	34442524	1	hyper	1	1	8	20	0.7542	0.8
chr21	34442575	34442575	1	hyper	1	1	8	20	0.6632	0.9333
chr21	34442577	34442577	1	hyper	1	1	8	20	0.4792	0.7667
chr21	34442580	34442580	1	hyper	1	1	8.75	23.25	0.7517	1
chr21	34442839	34442839	1	hyper	1	1	9.5	14	0.4708	0.9
chr21	34442895	34442901	7	hyper	2	2	9.5	14	0.6839	0.7166
chr21	34442939	34442939	1	hyper	1	1	9.5	14	0.9042	0.9333
chr21	34442980	34443011	32	hyper	3	3	10.83	24.17	0.5144	0.6556
chr21	34443070	34443070	1	hyper	1	1	11.5	29.25	0.6298	0.9667
chr21	34443090	34443090	1	hyper	1	1	11.5	29.25	0.6283	0.9333
chr21	34443310	34443310	1	hyper	1	1	16.25	19.75	0.5754	1
chr21	34443803	34443803	1	hyper	1	1	15.5	16.5	0.524	0.6
chr21	34443879	34443879	1	hyper	1	1	15.5	16.5	0.5417	0.6
chr21	34444364	34444364	1	hyper	1	1	11	4.75	0.7462	1
chr21	34444383	34444383	1	hyper	1	1	7.25	5.5	0.5133	0.5333
chr21	34444392	34444392	1	hyper	1	1	11	4.75	0.662	0.9333
chr21	34444406	34444406	1	hyper	1	1	7.25	5.5	0.6534	0.6
chr21	34444425	34444425	1	hyper	1	1	11	4.75	0.6184	0.9
chr21	34444432	34444432	1	hyper	1	1	11	4.75	0.534	0.8
chr21	34444445	34444445	1	hyper	1	1	11	4.75	0.6818	0.9667
chr21	34487822	34487822	1	hyper	1	1	9.75	13.75	0.6455	0.7
chr21	34501909	34501909	1	hyper	1	1	7	15	0.447	0.5333
chr21	34513106	34513106	1	hyper	1	1	11	16	0.657	0.8333
chr21	34538441	34538441	1	hyper	1	1	14.75	24.25	0.3428	0.6667
chr21	34773628	34773628	1	hyper	1	1	15.75	15	0.4279	0.5
chr21	34775472	34775472	1	hyper	1	1	7.25	4.75	0.7682	0.9667
chr21	34775491	34775491	1	hyper	1	1	7.75	6	0.5341	0.6333
chr21	34775506	34775507	2	hyper	2	2	7.5	5.38	0.617	0.7833
chr21	34775619	34775630	12	hyper	3	3	16.5	18.92	0.7146	0.8889
chr21	34775632	34775632	1	hyper	1	1	16	18.5	0.9095	0.9667
chr21	34775649	34775654	6	hyper	2	2	16.75	19.12	0.8754	1
chr21	34775660	34775676	17	hyper	6	6	16.75	19.12	0.7908	0.8944
chr21	34775678	34775683	6	hyper	4	4	16.75	19.12	0.8315	0.875
chr21	34775716	34775766	51	hyper	8	8	16.25	10.25	0.8008	0.9167
chr21	34775787	34775787	1	hyper	1	1	16.25	10.25	0.95	1
chr21	34775795	34775795	1	hyper	1	1	16.25	10.25	0.7125	0.5333
chr21	34775806	34775814	9	hyper	2	2	16.25	10.25	0.695	0.7333
chr21	34775853	34775853	1	hyper	1	1	9.75	11	0.8486	1
chr21	34775860	34775872	13	hyper	3	3	10.67	10.5	0.6916	0.7333
chr21	34775888	34775889	2	hyper	2	2	11.12	10.25	0.7731	1
chr21	34775903	34775904	2	hyper	2	2	11.12	10.25	0.7516	0.9666
chr21	34775907	34775910	4	hyper	3	3	11.58	10	0.7259	0.7111
chr21	34775917	34775929	13	hyper	3	3	15.58	16.25	0.6411	0.7667
chr21	34775946	34775946	1	hyper	1	1	15.75	24	0.8634	1
chr21	34775949	34775954	6	hyper	3	3	15.42	21.75	0.7956	0.9889
chr21	34775956	34775966	11	hyper	5	5	15.35	21.3	0.7946	0.8867
chr21	34776301	34776316	16	hyper	3	3	24.5	14.5	0.8233	0.9556
chr21	34776336	34776340	5	hyper	2	2	24.5	14.5	0.8652	1
chr21	34776345	34776358	14	hyper	4	4	25.69	16.88	0.6183	0.8666
chr21	34776382	34776382	1	hyper	1	1	12.75	10.75	0.805	0.9667
chr21	34776416	34776416	1	hyper	1	1	12.75	10.75	0.7511	1
chr21	34863971	34863995	25	hyper	4	4	21.06	29.19	0.6622	0.7584
chr21	34864009	34864013	5	hyper	3	3	22.83	26.33	0.6125	0.8222
chr21	34864036	34864110	75	hyper	13	13	15.52	5.77	0.8409	0.982
chr21	34864123	34864197	75	hyper	8	8	14	4.5	0.8072	0.9083
chr21	34960454	34960469	16	hyper	2	2	7.25	11.75	0.9008	0.9
chr21	34960484	34960510	27	hyper	7	7	7.96	12.46	0.9097	0.9762
chr21	34960519	34960604	86	hyper	12	12	7.88	12.38	0.9329	0.9333
chr21	34960657	34960657	1	hyper	1	1	15.75	17.75	0.9822	0.9
chr21	34960662	34960665	4	hyper	3	3	16.58	16.58	0.9081	0.9333
chr21	34960675	34960675	1	hyper	1	1	15.75	17.75	1	0.8667
chr21	34960677	34960688	12	hyper	8	8	17	16	0.9218	0.9458
chr21	34960703	34960728	26	hyper	7	7	16.82	16.25	0.9226	1
chr21	34960732	34960829	98	hyper	5	5	46.45	15.55	0.5675	0.86
chr21	34960844	34960844	1	hyper	1	1	33.25	8.5	0.9274	1
chr21	34960863	34960863	1	hyper	1	1	33.25	8.5	0.7404	0.9667
chr21	34960869	34960869	1	hyper	1	1	36.25	15	0.8529	0.8667
chr21	34960889	34960903	15	hyper	3	3	3	4.25	0.8667	0.9556
chr21	34960936	34960950	15	hyper	3	3	17.17	25.58	0.9778	1
chr21	34960953	34960957	5	hyper	4	4	17.62	26.38	0.972	0.975
chr21	34960972	34961002	31	hyper	2	2	14.38	17.38	0.9618	0.9834
chr21	34961017	34961018	2	hyper	2	2	9.62	6.12	0.9891	0.9834
chr21	34961028	34961028	1	hyper	1	1	9.5	6.25	0.9683	1
chr21	34961045	34961055	11	hyper	6	6	9.62	6.12	0.9704	0.9944
chr21	34961061	34961067	7	hyper	3	3	9.67	6.08	0.9523	1
chr21	35015268	35015292	25	hyper	5	5	24.75	8.25	0.9119	0.9867
chr21	35015303	35015303	1	hyper	1	1	24.75	8.25	0.7663	1
chr21	35015322	35015355	34	hyper	7	7	24.75	8.25	0.7202	0.9
chr21	35015459	35015473	15	hyper	4	4	6.75	16.75	0.8618	0.8917
chr21	35015497	35015497	1	hyper	1	1	6.75	16.75	0.8238	0.6333
chr21	35015509	35015516	8	hyper	2	2	9.5	12.75	0.8633	0.8334
chr21	35015564	35015568	5	hyper	3	3	9.42	12.92	0.9111	0.9778
chr21	35015579	35015580	2	hyper	2	2	9.5	12.75	0.9629	1
chr21	35015584	35015585	2	hyper	2	2	9.5	12.75	0.5999	0.6334
chr21	35015618	35015625	8	hyper	3	3	9.42	12.92	0.8533	0.9778
chr21	35015627	35015637	11	hyper	2	2	9.5	12.75	0.791	0.75
chr21	35015640	35015645	6	hyper	2	2	19.62	14.88	0.9835	0.9834
chr21	35015655	35015655	1	hyper	1	1	28.5	20.25	0.8165	0.9
chr21	35015673	35015674	2	hyper	2	2	29.25	18.38	0.84	0.9667
chr21	35015683	35015765	83	hyper	7	7	29.14	18.64	0.8057	0.9667
chr21	35026074	35026074	1	hyper	1	1	17.5	11.5	0.6268	0.5667
chr21	35026124	35026124	1	hyper	1	1	12.25	10.25	0.3234	0.8333
chr21	35062252	35062252	1	hyper	1	1	25.25	22.75	0.572	0.5333
chr21	35219742	35219742	1	hyper	1	1	15.5	12	0.418	0.6333
chr21	35281839	35281839	1	hyper	1	1	12	23.5	0.3924	0.7
chr21	35747595	35747662	68	hyper	3	3	19	7.5	0.6553	0.9444
chr21	35747680	35747699	20	hyper	3	3	18.42	8.42	0.6546	1
chr21	35747710	35747711	2	hyper	2	2	17.75	9.5	0.7162	1
chr21	35747717	35747736	20	hyper	4	4	17.75	9.5	0.6619	0.9833
chr21	35747739	35747743	5	hyper	4	4	17.75	9.5	0.5627	0.8
chr21	35747749	35747802	54	hyper	6	6	13.25	15.29	0.5063	0.9056
chr21	35747880	35747939	60	hyper	5	5	29.5	18.75	0.6861	0.9467
chr21	35747943	35747955	13	hyper	4	4	17.88	12.44	0.604	0.7916
chr21	35784138	35784138	1	hyper	1	1	11	8.25	0.4376	0.5
chr21	35831851	35831851	1	hyper	1	1	15.75	10.25	0.5916	0.6333
chr21	35832110	35832110	1	hyper	1	1	16.5	27	0.439	0.5
chr21	35987103	35987103	1	hyper	1	1	11	30	0.586	0.5
chr21	35987185	35987185	1	hyper	1	1	11	30	0.8142	0.8333
chr21	35987429	35987430	2	hyper	2	2	31.88	15.62	0.5616	0.8667
chr21	35987506	35987507	2	hyper	2	2	31.88	15.62	0.5488	0.7
chr21	35989326	35989326	1	hyper	1	1	9.75	14.5	0.5675	0.5667
chr21	36260949	36260949	1	hyper	1	1	9	14.75	0.6113	0.9
chr21	36261147	36261147	1	hyper	1	1	30.25	9.5	0.6003	0.6667
chr21	36261260	36261260	1	hyper	1	1	15	36	0.6806	0.9333
chr21	36261422	36261422	1	hyper	1	1	28	14.75	0.7218	1
chr21	36261436	36261436	1	hyper	1	1	28	14.75	0.589	0.8667
chr21	36261445	36261445	1	hyper	1	1	28	14.75	0.5524	0.8
chr21	36261518	36261518	1	hyper	1	1	14	17.5	0.5586	0.9
chr21	36261633	36261633	1	hyper	1	1	22.5	9.5	0.6018	0.7667
chr21	36261703	36261703	1	hyper	1	1	22.5	9.5	0.6688	0.5667
chr21	36261708	36261708	1	hyper	1	1	12.5	12.75	0.6315	0.6667
chr21	36261715	36261715	1	hyper	1	1	12.5	12.75	0.5654	0.6333
chr21	36261746	36261746	1	hyper	1	1	12.5	12.75	0.5744	0.8
chr21	36262769	36262769	1	hyper	1	1	34.25	8.25	0.4953	0.7333
chr21	36262809	36262809	1	hyper	1	1	34.25	8.25	0.4747	0.6
chr21	36402412	36402412	1	hyper	1	1	10.5	22.5	0.6384	0.6333
chr21	37442250	37442275	26	hyper	5	5	23	15.75	0.8081	0.9
chr21	37442289	37442289	1	hyper	1	1	22.25	9	0.6782	0.6
chr21	37442308	37442314	7	hyper	3	3	22.58	9.83	0.7967	1
chr21	37442346	37442350	5	hyper	2	2	22.75	10.25	0.774	1
chr21	37442360	37442385	26	hyper	2	2	24.88	22.12	0.6962	0.8
chr21	37442405	37442405	1	hyper	1	1	13.5	14.25	0.8598	0.8333
chr21	37442437	37442483	47	hyper	9	9	22.89	12.36	0.7043	0.8963
chr21	37477201	37477201	1	hyper	1	1	13.25	10	0.6439	0.7667
chr21	37485397	37485397	1	hyper	1	1	21.25	17.75	0.4532	0.6333
chr21	37507361	37507361	1	hyper	1	1	7.75	11.25	0.6355	0.6667
chr21	37528542	37528542	1	hyper	1	1	17.25	15.75	0.5798	0.6667
chr21	37529627	37529627	1	hyper	1	1	31.5	11.5	0.5798	0.7667
chr21	37531724	37531724	1	hyper	1	1	14.75	5.5	0.645	0.7
chr21	37573253	37573253	1	hyper	1	1	9.5	7.75	0.6086	0.6333
chr21	37692668	37692668	1	hyper	1	1	16.25	20	0.5917	0.8333
chr21	37692678	37692678	1	hyper	1	1	16.25	20	0.7333	0.9
chr21	37692701	37692708	8	hyper	6	6	16	18.88	0.6151	0.9056
chr21	37692718	37692720	3	hyper	2	2	16	18.88	0.7104	0.9834
chr21	37692757	37692757	1	hyper	1	1	13.5	13.5	0.7358	0.9333
chr21	37692781	37692781	1	hyper	1	1	13.5	13.5	0.8623	0.9
chr21	37750423	37750423	1	hyper	1	1	20.25	8.25	0.403	0.6667
chr21	37757501	37757501	1	hyper	1	1	15.5	19.5	0.3763	0.6667
chr21	37757860	37757860	1	hyper	1	1	5.5	9	0.4534	0.6333
chr21	37771625	37771625	1	hyper	1	1	13.75	27.25	0.5228	0.7333
chr21	37776959	37776959	1	hyper	1	1	22.5	14.5	0.5458	0.8
chr21	37788168	37788168	1	hyper	1	1	22	16.5	0.3901	0.9
chr21	37870098	37870098	1	hyper	1	1	17	18.25	0.3526	0.6333
chr21	37904526	37904526	1	hyper	1	1	14.5	22.25	0.3233	0.5667
chr21	37963551	37963551	1	hyper	1	1	14.5	20.25	0.5768	0.6333
chr21	38068491	38068491	1	hyper	1	1	9.5	13.25	0.7048	0.7
chr21	38077131	38077131	1	hyper	1	1	25.25	20.25	0.6871	0.7
chr21	38077598	38077598	1	hyper	1	1	16.5	46.5	0.7685	0.8333
chr21	38080598	38080598	1	hyper	1	1	16.75	16.5	0.6091	0.5333
chr21	38119925	38119925	1	hyper	1	1	9.75	9	0.7796	0.8667
chr21	38120037	38120038	2	hyper	2	2	7.62	8.88	0.7182	0.9
chr21	38143246	38143246	1	hyper	1	1	7.25	18	0.8347	0.8333
chr21	38445443	38445443	1	hyper	1	1	8	9.75	0.5476	0.7667
chr21	38445571	38445571	1	hyper	1	1	7	8.25	0.561	0.6667
chr21	38445919	38445919	1	hyper	1	1	14.5	15.5	0.7458	0.7
chr21	38639816	38639816	1	hyper	1	1	9.5	5.75	0.6405	0.5333
chr21	38738667	38738667	1	hyper	1	1	25.75	15.25	0.6532	0.7333
chr21	39129646	39129646	1	hyper	1	1	7	28.75	0.5655	0.5333
chr21	39755720	39755720	1	hyper	1	1	14.25	11	0.7858	1
chr21	39814050	39814050	1	hyper	1	1	15.75	9	0.5413	0.8
chr21	40117575	40117575	1	hyper	1	1	30.5	11.75	0.7048	0.9333
chr21	40177153	40177154	2	hyper	2	2	12.5	11.12	0.778	0.8
chr21	40177166	40177310	145	hyper	8	8	13.28	12.12	0.8563	0.95
chr21	40177322	40177322	1	hyper	1	1	7	22.75	0.975	0.9667
chr21	40177345	40177402	58	hyper	9	9	6.33	23.97	0.8904	0.9111
chr21	40177405	40177405	1	hyper	1	1	7	22.75	0.9444	0.9
chr21	40177415	40177416	2	hyper	2	2	6.25	24.12	0.8274	0.7833
chr21	40177430	40177430	1	hyper	1	1	23.5	13.5	0.8835	0.9667
chr21	40177442	40177442	1	hyper	1	1	23.5	13.5	0.8368	0.9333
chr21	40177450	40177467	18	hyper	10	10	23.75	15	0.9155	0.9967
chr21	40177481	40177531	51	hyper	5	5	18.2	7.7	0.8911	0.94
chr21	40177852	40177852	1	hyper	1	1	12.25	10.75	1	1
chr21	40177875	40177881	7	hyper	3	3	12.58	10.92	0.9399	0.9667
chr21	40177887	40177888	2	hyper	2	2	12.75	11	0.9332	1
chr21	40177907	40177969	63	hyper	2	2	11.25	13.88	0.6902	0.7834
chr21	40177972	40177972	1	hyper	1	1	9.25	16.5	1	1
chr21	40177974	40177974	1	hyper	1	1	9.25	16.5	0.9087	0.9667
chr21	40177979	40178024	46	hyper	18	18	10.92	17.64	0.871	0.963
chr21	40178034	40178038	5	hyper	2	2	17.25	11.38	0.9624	1
chr21	40178059	40178069	11	hyper	4	4	17.25	11.38	0.868	0.875
chr21	40178073	40178105	33	hyper	2	2	24.88	11.12	0.9444	1
chr21	40178116	40178116	1	hyper	1	1	33.75	10.5	0.9706	0.9
chr21	40178124	40178140	17	hyper	4	4	30.88	10.88	0.8976	0.8916
chr21	40178149	40178288	140	hyper	17	17	20.24	25.38	0.8536	0.9333
chr21	40178299	40178314	16	hyper	5	5	10.75	12.5	0.8831	0.9
chr21	40178321	40178353	33	hyper	12	12	10.75	12.38	0.9279	0.9611
chr21	40178357	40178417	61	hyper	6	6	12.17	19.21	0.8971	0.9611
chr21	40178420	40178420	1	hyper	1	1	7	23	0.9375	1
chr21	40178432	40178432	1	hyper	1	1	7	23	0.95	1
chr21	40178434	40178465	32	hyper	6	6	9.62	26.38	0.9467	0.9778
chr21	40178478	40178478	1	hyper	1	1	12.25	29.75	0.8344	0.9
chr21	40178484	40178484	1	hyper	1	1	7	23	0.9097	1
chr21	40178535	40178563	29	hyper	3	3	6	12.75	0.9259	0.9778
chr21	40178575	40178604	30	hyper	4	4	6	12.75	0.9792	1
chr21	40178620	40178620	1	hyper	1	1	6	12.75	1	0.9
chr21	40194799	40194799	1	hyper	1	1	26.25	27.25	0.3615	0.7
chr21	40194817	40194817	1	hyper	1	1	28.5	28	0.3202	0.6667
chr21	40199065	40199065	1	hyper	1	1	13	14.75	0.3692	0.8333
chr21	40239308	40239308	1	hyper	1	1	16	33.75	0.5404	0.8667
chr21	40529212	40529212	1	hyper	1	1	13	20.75	0.3994	0.6333
chr21	40555167	40555277	111	hyper	21	21	19.23	10.89	0.8212	0.9365
chr21	40555300	40555300	1	hyper	1	1	17.5	11.25	0.9643	0.8
chr21	40555306	40555327	22	hyper	7	7	18.07	10.54	0.7876	0.9191
chr21	40555724	40555835	112	hyper	18	18	21.75	23.53	0.7679	0.9074
chr21	40555841	40555890	50	hyper	13	13	21.54	23.27	0.8484	0.9385
chr21	40618726	40618726	1	hyper	1	1	20.75	15.5	0.7189	0.6667
chr21	40720584	40720584	1	hyper	1	1	19.25	10.5	0.5286	0.6667
chr21	40720589	40720589	1	hyper	1	1	13.75	14.75	0.6792	0.7
chr21	40720600	40720601	2	hyper	2	2	16.5	12.62	0.5936	0.75
chr21	40720611	40720612	2	hyper	2	2	16.5	12.62	0.464	0.65
chr21	40720643	40720643	1	hyper	1	1	20.75	24.5	0.4319	0.5
chr21	40720683	40720687	5	hyper	2	2	7	9.75	0.6526	0.7333
chr21	40720706	40720706	1	hyper	1	1	7	9.75	0.7258	0.9333
chr21	40720808	40720809	2	hyper	2	2	8.5	9.25	0.8246	0.9834
chr21	40720814	40720816	3	hyper	3	3	8.67	9.5	0.5798	0.7333
chr21	40720844	40720845	2	hyper	2	2	8.5	9.25	0.4814	0.5333
chr21	40720850	40720864	15	hyper	7	7	8.57	9.36	0.5525	0.7667
chr21	40720894	40720894	1	hyper	1	1	23.25	16.75	0.7459	1
chr21	40720905	40720969	65	hyper	21	21	22.33	16.88	0.5648	0.9429
chr21	40720973	40720999	27	hyper	5	5	22.2	16.9	0.596	0.9867
chr21	40721090	40721103	14	hyper	2	2	12.25	22.25	0.7184	1
chr21	40721208	40721224	17	hyper	3	3	14.17	14.42	0.7573	0.9889
chr21	40721227	40721227	1	hyper	1	1	14	12.5	0.7198	1
chr21	40721232	40721288	57	hyper	13	13	15.81	15.96	0.5783	0.8205
chr21	40721302	40721326	25	hyper	10	10	15.5	12.88	0.6076	0.94
chr21	40721339	40721354	16	hyper	7	7	15.75	12.68	0.6028	0.9143
chr21	40721356	40721356	1	hyper	1	1	17.25	11.5	0.7581	1
chr21	40721391	40721427	37	hyper	3	3	14.92	13.33	0.5995	0.9333
chr21	40763218	40763218	1	hyper	1	1	17.75	15.75	0.3276	0.8333
chr21	40768410	40768410	1	hyper	1	1	20.75	9.25	0.3315	0.5667
chr21	40775345	40775345	1	hyper	1	1	24.75	15	0.3879	0.6333
chr21	40775491	40775491	1	hyper	1	1	17	7.75	0.401	0.7667
chr21	40775915	40775915	1	hyper	1	1	26.5	5.25	0.3078	0.5333
chr21	40796042	40796042	1	hyper	1	1	20	7.5	0.3464	0.7667
chr21	40817365	40817417	53	hyper	5	5	18.5	22.5	0.8591	0.8867
chr21	40817627	40817630	4	hyper	3	3	7.42	17.67	0.7736	0.8
chr21	40817639	40817657	19	hyper	5	5	7.45	17.75	0.7845	0.8467
chr21	40817659	40817659	1	hyper	1	1	7.25	17.25	1	0.9333
chr21	40817671	40817697	27	hyper	13	13	15.94	18.33	0.8576	0.9487
chr21	40817699	40817699	1	hyper	1	1	33	10	0.9653	1
chr21	40817717	40817718	2	hyper	2	2	31.12	10.25	0.9861	0.9834
chr21	40817720	40817737	18	hyper	3	3	30.5	10.33	0.9743	0.9778
chr21	40817741	40817748	8	hyper	2	2	19.88	11.75	0.9198	1
chr21	40817763	40817769	7	hyper	2	2	6.75	13.5	0.8382	0.8833
chr21	40817794	40817794	1	hyper	1	1	6.75	13.5	1	0.9
chr21	40817835	40817835	1	hyper	1	1	6.75	13.5	0.9853	1
chr21	40817875	40817914	40	hyper	6	6	6.75	13.5	0.953	0.9944
chr21	41257706	41257706	1	hyper	1	1	27.25	12.5	0.4544	0.6333
chr21	41277830	41277830	1	hyper	1	1	5	25.25	0.3691	0.6
chr21	41455038	41455039	2	hyper	2	2	28.62	11.5	0.3793	0.5667
chr21	41488801	41488801	1	hyper	1	1	24.5	11.5	0.5559	0.9333
chr21	41488829	41488830	2	hyper	2	2	24.5	11.25	0.4656	0.7333
chr21	41516394	41516394	1	hyper	1	1	19.75	16.75	0.4092	0.5667
chr21	41711243	41711243	1	hyper	1	1	17.25	19	0.3046	0.5667
chr21	41726583	41726583	1	hyper	1	1	26	34.25	0.3047	0.6667
chr21	41853897	41853897	1	hyper	1	1	18.75	9.25	0.3921	0.5
chr21	41892518	41892518	1	hyper	1	1	17.75	5.25	0.3591	0.7
chr21	41908351	41908351	1	hyper	1	1	12.25	8	0.3811	0.6333
chr21	41911169	41911169	1	hyper	1	1	22.25	9.5	0.4728	0.8333
chr21	41911214	41911214	1	hyper	1	1	21.25	8.75	0.6202	0.9333
chr21	41911278	41911278	1	hyper	1	1	20.25	30.5	0.4608	0.6333
chr21	41931309	41931309	1	hyper	1	1	35.25	26.75	0.4768	0.8
chr21	41949502	41949502	1	hyper	1	1	15.25	17.75	0.4081	0.6333
chr21	41988681	41988681	1	hyper	1	1	14	13.75	0.3366	0.5667
chr21	42190341	42190341	1	hyper	1	1	14	9.5	0.337	0.7667
chr21	42194137	42194137	1	hyper	1	1	12.25	9.5	0.3948	0.5333
chr21	42732689	42732690	2	hyper	2	2	18	35.88	0.5064	0.6666
chr21	42845319	42845319	1	hyper	1	1	12.75	17	0.3471	0.5667
chr21	42867452	42867452	1	hyper	1	1	23.25	8.75	0.5032	0.5667
chr21	42879400	42879400	1	hyper	1	1	12	21.75	0.5498	0.7667
chr21	42879902	42879902	1	hyper	1	1	19.25	17	0.3598	0.5
chr21	42880673	42880673	1	hyper	1	1	12.5	33.25	0.3915	0.7
chr21	42932634	42932634	1	hyper	1	1	27.5	29	0.3562	0.5333
chr21	43048187	43048187	1	hyper	1	1	11.75	7.25	0.3774	0.5333
chr21	43054399	43054399	1	hyper	1	1	29.25	13.75	0.3572	0.5333
chr21	43080340	43080340	1	hyper	1	1	28.5	14	0.3563	0.5
chr21	43092067	43092067	1	hyper	1	1	21.75	23.25	0.6171	0.6333
chr21	43104285	43104285	1	hyper	1	1	19	16.25	0.4284	0.6
chr21	43148453	43148453	1	hyper	1	1	19.25	12.75	0.3183	0.5333
chr21	43157351	43157351	1	hyper	1	1	49	30.25	0.4616	0.7333
chr21	43299841	43299841	1	hyper	1	1	13.25	15.25	0.6121	0.5
chr21	43317225	43317225	1	hyper	1	1	3.5	10.5	0.7708	0.6667
chr21	43328023	43328023	1	hyper	1	1	13.75	12.5	0.6959	0.7667
chr21	43430399	43430399	1	hyper	1	1	19.5	6.25	0.8387	1
chr21	43431063	43431063	1	hyper	1	1	6.25	12.25	0.816	0.9667
chr21	43639068	43639068	1	hyper	1	1	11.25	25	0.7415	0.8333
chr21	43639335	43639335	1	hyper	1	1	6.25	19.5	0.496	0.7333
chr21	43639828	43639832	5	hyper	3	3	25.25	10	0.5921	0.9
chr21	43640054	43640054	1	hyper	1	1	13.5	7.75	0.7301	0.8667
chr21	43640067	43640068	2	hyper	2	2	13	7.12	0.5437	0.8334
chr21	43640085	43640085	1	hyper	1	1	13.5	7.75	0.678	0.9333
chr21	43642209	43642209	1	hyper	1	1	2	17.75	0.6201	0.6333
chr21	43655081	43655081	1	hyper	1	1	13.25	18.5	0.4027	0.5333
chr21	43664221	43664221	1	hyper	1	1	18.25	9.25	0.5034	0.5
chr21	43685889	43685889	1	hyper	1	1	18.5	16	0.4332	0.5667
chr21	43689938	43689938	1	hyper	1	1	11.75	13	0.3378	0.6667
chr21	43701565	43701565	1	hyper	1	1	10	12.5	0.4442	0.6667
chr21	43721322	43721322	1	hyper	1	1	17.5	33	0.3058	0.6
chr21	43735413	43735413	1	hyper	1	1	18.25	27.75	0.3432	0.6667
chr21	43741607	43741607	1	hyper	1	1	17.25	7.75	0.4149	0.5
chr21	43766783	43766783	1	hyper	1	1	16.75	34.75	0.4105	0.5
chr21	43767590	43767590	1	hyper	1	1	11	7.25	0.368	0.7
chr21	43767934	43767934	1	hyper	1	1	17.75	17.25	0.3578	0.6333
chr21	43786309	43786309	1	hyper	1	1	27.5	13.75	0.4496	0.7667
chr21	43791747	43791747	1	hyper	1	1	21.75	11.25	0.4016	0.7667
chr21	43799952	43799952	1	hyper	1	1	16.25	17	0.411	0.6
chr21	43820023	43820023	1	hyper	1	1	11.75	8.5	0.4674	0.5
chr21	43863844	43863844	1	hyper	1	1	5	4.25	0.5312	0.5333
chr21	43896585	43896585	1	hyper	1	1	10.25	10.5	0.3233	0.6333
chr21	43916479	43916479	1	hyper	1	1	5.25	11.75	0.3294	0.5333
chr21	44078744	44078744	1	hyper	1	1	17.25	23	0.7108	0.8
chr21	44089156	44089156	1	hyper	1	1	7	4.5	0.3682	0.5667
chr21	44103193	44103193	1	hyper	1	1	14.5	13.75	0.423	0.5
chr21	44314186	44314186	1	hyper	1	1	21	21.75	0.4906	0.6333
chr21	44316677	44316677	1	hyper	1	1	11	15.5	0.5657	0.6
chr21	44345331	44345331	1	hyper	1	1	15	14	0.545	0.8
chr21	44379811	44379811	1	hyper	1	1	10	4.5	0.4644	0.5667
chr21	44597085	44597085	1	hyper	1	1	12.25	31	0.4065	0.8
chr21	44597270	44597271	2	hyper	2	2	6.25	14.62	0.5051	0.7667
chr21	44597283	44597283	1	hyper	1	1	6.25	16.25	0.4278	0.5
chr21	44608433	44608433	1	hyper	1	1	29	27.5	0.3913	0.8
chr21	44608455	44608455	1	hyper	1	1	26.75	24.25	0.5526	0.6333
chr21	44630214	44630214	1	hyper	1	1	14.5	12.75	0.5193	0.8333
chr21	44631552	44631552	1	hyper	1	1	17.75	18.75	0.7435	0.8667
chr21	44688904	44688904	1	hyper	1	1	11.25	7	0.4874	0.5667
chr21	44691193	44691193	1	hyper	1	1	4.25	8.5	0.7572	0.6667
chr21	44694265	44694265	1	hyper	1	1	13.5	10	0.7329	0.7333
chr21	44697495	44697495	1	hyper	1	1	19.25	27.25	0.4457	0.5667
chr21	44712387	44712387	1	hyper	1	1	10.25	9.5	0.5223	0.5667
chr21	44736044	44736044	1	hyper	1	1	7.75	9.25	0.3606	0.5
chr21	44739796	44739796	1	hyper	1	1	14.75	7	0.5882	0.6333
chr21	44749320	44749320	1	hyper	1	1	42.25	18	0.7672	0.9667
chr21	44749396	44749396	1	hyper	1	1	42.25	18	0.4346	0.8333
chr21	44753262	44753262	1	hyper	1	1	11	11.25	0.554	0.5333
chr21	44753991	44753991	1	hyper	1	1	18.75	11.5	0.5731	0.6
chr21	44765697	44765697	1	hyper	1	1	16	42	0.4558	0.5333
chr21	44766856	44766856	1	hyper	1	1	12.25	18.5	0.7359	0.6667
chr21	44768273	44768273	1	hyper	1	1	18	6.5	0.6276	0.6333
chr21	44768479	44768479	1	hyper	1	1	33.5	21.5	0.3254	0.7
chr21	44783408	44783408	1	hyper	1	1	11.75	23.5	0.4123	0.5333
chr21	44783717	44783717	1	hyper	1	1	16.25	10.25	0.4932	0.9333
chr21	44784276	44784276	1	hyper	1	1	37.5	21.75	0.3451	0.5667
chr21	44792982	44792982	1	hyper	1	1	31.25	14.75	0.3105	0.6667
chr21	44793745	44793745	1	hyper	1	1	9.25	17.5	0.713	0.6333
chr21	44801059	44801059	1	hyper	1	1	18.75	10.5	0.3348	0.6333
chr21	44803697	44803697	1	hyper	1	1	15.75	6	0.3054	0.5333
chr21	44807374	44807374	1	hyper	1	1	5.75	13.25	0.4189	0.5333
chr21	44819100	44819100	1	hyper	1	1	11.5	21	0.45	0.9
chr21	44820125	44820125	1	hyper	1	1	18.5	26.75	0.3632	0.5333
chr21	44829078	44829078	1	hyper	1	1	7.75	28.5	0.3221	0.8
chr21	44829208	44829208	1	hyper	1	1	7.75	28.5	0.331	0.6333
chr21	44829461	44829461	1	hyper	1	1	35.75	11.75	0.4559	0.7333
chr21	44829674	44829674	1	hyper	1	1	12.75	15.5	0.5323	0.9667
chr21	44845927	44845927	1	hyper	1	1	15.25	11.5	0.6613	0.7667
chr21	44846671	44846671	1	hyper	1	1	12.5	16	0.6172	0.8667
chr21	44847609	44847609	1	hyper	1	1	18.25	20.75	0.5502	0.6
chr21	44866737	44866737	1	hyper	1	1	19.5	12.25	0.3188	0.5667
chr21	44871702	44871702	1	hyper	1	1	11.75	11	0.3781	0.5333
chr21	44876362	44876362	1	hyper	1	1	16.75	23.75	0.4982	0.6333
chr21	44899470	44899470	1	hyper	1	1	24.75	9.75	0.3578	0.5
chr21	45080215	45080215	1	hyper	1	1	21.5	27	0.511	0.5333
chr21	45148529	45148529	1	hyper	1	1	16.5	19.5	0.7212	0.8333
chr21	45155166	45155166	1	hyper	1	1	9.25	19.75	0.8398	0.8333
chr21	45170329	45170329	1	hyper	1	1	33	41.75	0.5994	0.8
chr21	45175528	45175528	1	hyper	1	1	13.25	18.5	0.4926	0.8667
chr21	45175615	45175615	1	hyper	1	1	13.25	18.5	0.42	0.8
chr21	45179688	45179688	1	hyper	1	1	9.25	10.5	0.75	0.9
chr21	45196071	45196071	1	hyper	1	1	10	8.5	0.6454	0.5333
chr21	45209406	45209406	1	hyper	1	1	17.25	11.75	0.6652	0.5333
chr21	45209452	45209476	25	hyper	2	2	26.75	25.12	0.557	0.7166
chr21	45229479	45229479	1	hyper	1	1	8.75	10.75	0.3625	0.8333
chr21	45231917	45231917	1	hyper	1	1	22.25	14.5	0.4048	0.6667
chr21	45232113	45232113	1	hyper	1	1	25.25	9.25	0.3209	0.5667
chr21	45232260	45232260	1	hyper	1	1	8.25	20.5	0.4424	0.6
chr21	45239775	45239775	1	hyper	1	1	17.75	6.5	0.4324	0.9
chr21	45240815	45240815	1	hyper	1	1	13.25	9	0.3388	0.7333
chr21	45240867	45240867	1	hyper	1	1	13.25	9	0.327	0.6
chr21	45242151	45242151	1	hyper	1	1	15.25	20	0.3621	0.7667
chr21	45244321	45244321	1	hyper	1	1	9.75	18.25	0.334	0.6333
chr21	45245882	45245882	1	hyper	1	1	10.25	18.25	0.6934	0.9
chr21	45250420	45250420	1	hyper	1	1	10.75	26.5	0.864	0.9667
chr21	45259021	45259021	1	hyper	1	1	21.25	32	0.406	0.6333
chr21	45284317	45284317	1	hyper	1	1	7.25	21	0.578	0.6667
chr21	45284367	45284367	1	hyper	1	1	7	8.75	0.7464	0.5667
chr21	45284463	45284463	1	hyper	1	1	13.5	13.75	0.7041	0.8333
chr21	45284872	45284872	1	hyper	1	1	23	14.25	0.6131	0.6333
chr21	45285045	45285045	1	hyper	1	1	5.25	7.25	0.7723	0.8333
chr21	45285181	45285181	1	hyper	1	1	22.5	10.5	0.4703	0.6
chr21	45285184	45285184	1	hyper	1	1	22.5	10.5	0.3186	0.5333
chr21	45285411	45285412	2	hyper	2	2	16.75	10	0.5287	0.5666
chr21	45293017	45293017	1	hyper	1	1	22.5	27.25	0.3527	0.5
chr21	45325360	45325360	1	hyper	1	1	20	25.25	0.5571	0.7
chr21	45336965	45336965	1	hyper	1	1	33.75	11	0.4132	0.6333
chr21	45359474	45359474	1	hyper	1	1	7	8.5	0.595	0.7
chr21	45405918	45405918	1	hyper	1	1	28	18.25	0.3123	0.6333
chr21	45527656	45527656	1	hyper	1	1	17.5	9.75	0.5677	0.9
chr21	45533449	45533449	1	hyper	1	1	17.5	7.25	0.3859	0.8
chr21	45540325	45540325	1	hyper	1	1	21.75	10.75	0.7013	0.9
chr21	45540355	45540355	1	hyper	1	1	21.75	10.75	0.4733	0.5667
chr21	45553089	45553109	21	hyper	2	2	18.75	8	0.6732	0.6666
chr21	45553123	45553123	1	hyper	1	1	18.75	8	0.7163	0.7667
chr21	45553217	45553226	10	hyper	2	2	20.12	14.5	0.816	0.9834
chr21	45553249	45553256	8	hyper	2	2	10.5	12	0.8584	0.95
chr21	45560813	45560813	1	hyper	1	1	10.75	15	0.3387	0.5
chr21	45565952	45565952	1	hyper	1	1	19	18.25	0.4182	0.6
chr21	45577803	45577803	1	hyper	1	1	16.75	13.5	0.3167	0.5667
chr21	45591274	45591274	1	hyper	1	1	12.75	6.75	0.4904	0.5
chr21	45598338	45598338	1	hyper	1	1	6.75	23.75	0.5184	0.6667
chr21	45614771	45614771	1	hyper	1	1	6	12.5	0.4163	0.5333
chr21	45620057	45620057	1	hyper	1	1	13	16	0.332	0.6
chr21	45636560	45636560	1	hyper	1	1	12.75	14	0.4069	0.5333
chr21	45636832	45636832	1	hyper	1	1	5.25	10.75	0.3101	0.5333
chr21	45643052	45643052	1	hyper	1	1	8	22.5	0.6111	0.8333
chr21	45648258	45648258	1	hyper	1	1	45.25	40	0.4383	0.6333
chr21	45649097	45649097	1	hyper	1	1	13	23.5	0.6015	0.7
chr21	45649170	45649170	1	hyper	1	1	13	23.5	0.4022	0.6333
chr21	45654345	45654345	1	hyper	1	1	9	25.5	0.4804	0.6667
chr21	45660518	45660518	1	hyper	1	1	15.5	5.5	0.4646	0.7333
chr21	45660598	45660598	1	hyper	1	1	9.25	22.5	0.6652	0.8333
chr21	45660633	45660638	6	hyper	2	2	9.25	22.5	0.6638	0.8166
chr21	45660669	45660680	12	hyper	2	2	9.25	22.5	0.6729	0.9
chr21	45661139	45661139	1	hyper	1	1	8.5	32.75	0.5661	0.9667
chr21	45661143	45661143	1	hyper	1	1	10.25	29.25	0.5958	0.9333
chr21	45661161	45661176	16	hyper	2	2	9.38	31	0.6822	0.8166
chr21	45661183	45661183	1	hyper	1	1	8.5	32.75	0.7498	0.9333
chr21	45661189	45661189	1	hyper	1	1	10.25	29.25	0.4417	0.6
chr21	45661200	45661200	1	hyper	1	1	10.25	29.25	0.7681	0.9
chr21	45661203	45661203	1	hyper	1	1	10.25	29.25	0.5694	0.5
chr21	45662113	45662134	22	hyper	3	3	10.42	15.92	0.6302	0.7333
chr21	45662144	45662144	1	hyper	1	1	11.5	18.25	0.7847	0.9
chr21	45662167	45662167	1	hyper	1	1	11.5	18.25	0.6167	0.9667
chr21	45662172	45662172	1	hyper	1	1	8.25	11.25	0.5113	0.7333
chr21	45662190	45662190	1	hyper	1	1	8.25	11.25	0.6817	0.9667
chr21	45662262	45662262	1	hyper	1	1	7.5	12.25	0.725	0.9333
chr21	45662457	45662461	5	hyper	2	2	16.25	23.5	0.6348	0.95
chr21	45662911	45662911	1	hyper	1	1	25.25	12.5	0.5394	0.7667
chr21	45662929	45662941	13	hyper	4	4	27.75	13.25	0.5614	0.8917
chr21	45677336	45677336	1	hyper	1	1	36.5	13.75	0.532	0.6667
chr21	45681784	45681784	1	hyper	1	1	14.75	17.5	0.4783	0.5667
chr21	45691456	45691456	1	hyper	1	1	37.75	28.25	0.3209	0.5333
chr21	45698165	45698165	1	hyper	1	1	25	14.75	0.3773	0.5333
chr21	45699751	45699751	1	hyper	1	1	21.25	36.75	0.3666	0.7
chr21	45705878	45705878	1	hyper	1	1	15.75	29.25	0.4546	0.7667
chr21	45705881	45705894	14	hyper	2	2	14	28.75	0.6705	0.9166
chr21	45705903	45705903	1	hyper	1	1	15.75	29.25	0.3684	0.6333
chr21	45705907	45705911	5	hyper	2	2	14	28.75	0.6589	0.65
chr21	45708550	45708550	1	hyper	1	1	9.5	12.5	0.4871	0.5333
chr21	45711524	45711524	1	hyper	1	1	8.75	11.75	0.3744	0.7
chr21	45712994	45712994	1	hyper	1	1	14	11.5	0.5689	0.9
chr21	45715196	45715196	1	hyper	1	1	11.75	11	0.463	0.6667
chr21	45717056	45717056	1	hyper	1	1	20.25	25	0.3918	0.6
chr21	45719995	45719995	1	hyper	1	1	13.25	17.5	0.7177	0.7
chr21	45720017	45720017	1	hyper	1	1	14.5	18.25	0.4577	0.5
chr21	45720100	45720100	1	hyper	1	1	22.25	16	0.4661	0.5
chr21	45720118	45720119	2	hyper	2	2	20.75	16.62	0.5427	0.5833
chr21	45720125	45720125	1	hyper	1	1	22.25	16	0.5513	0.8
chr21	45720283	45720283	1	hyper	1	1	3.5	23.25	0.6917	0.8333
chr21	45748207	45748207	1	hyper	1	1	14.75	12.75	0.63	0.5
chr21	45770472	45770472	1	hyper	1	1	13.5	31	0.5405	0.5667
chr21	45790283	45790283	1	hyper	1	1	9	12.25	0.5104	0.5
chr21	45811354	45811354	1	hyper	1	1	19.25	7.75	0.3525	0.5333
chr21	45866030	45866030	1	hyper	1	1	5	19.25	0.3739	0.5333
chr21	45869854	45869854	1	hyper	1	1	16.25	16.25	0.5304	0.7667
chr21	45875224	45875232	9	hyper	2	2	22.38	10.75	0.6111	0.8334
chr21	45875803	45875803	1	hyper	1	1	17	13	0.3212	0.5667
chr21	45905509	45905509	1	hyper	1	1	8	12	0.7411	0.7667
chr21	45926687	45926687	1	hyper	1	1	39.75	11.75	0.5129	0.6
chr21	45930528	45930528	1	hyper	1	1	21.5	10.25	0.3129	0.5333
chr21	45930662	45930662	1	hyper	1	1	21.25	32.75	0.3463	0.5333
chr21	45945892	45945892	1	hyper	1	1	15.5	5.75	0.4522	0.5333
chr21	46012778	46012778	1	hyper	1	1	12.75	13.5	0.5937	0.6
chr21	46013865	46013865	1	hyper	1	1	31.75	8.25	0.4076	0.5667
chr21	46048086	46048086	1	hyper	1	1	4	23	0.6292	0.8
chr21	46054983	46054983	1	hyper	1	1	19.5	13.75	0.4754	0.5667
chr21	46054988	46054988	1	hyper	1	1	14.75	16.25	0.3483	0.7333
chr21	46078930	46078930	1	hyper	1	1	13.25	11	0.4063	0.6
chr21	46107420	46107420	1	hyper	1	1	29.5	14	0.6438	0.7
chr21	46143492	46143492	1	hyper	1	1	15.25	17.5	0.827	0.9333
chr21	46143498	46143518	21	hyper	3	3	15.17	17.83	0.7963	0.9555
chr21	46143520	46143520	1	hyper	1	1	15.25	17.5	0.8573	0.9667
chr21	46143530	46143530	1	hyper	1	1	15.25	17.5	0.875	0.9333
chr21	46143556	46143563	8	hyper	3	3	15.17	17.83	0.8426	1
chr21	46143567	46143567	1	hyper	1	1	15	18.5	0.85	0.9667
chr21	46145595	46145595	1	hyper	1	1	33.5	27	0.3606	0.7
chr21	46149403	46149403	1	hyper	1	1	8	8.5	0.5531	0.6
chr21	46221395	46221464	70	hyper	13	13	15.31	29.54	0.686	0.9667
chr21	46221471	46221483	13	hyper	7	7	15.5	29.79	0.7688	0.9857
chr21	46221516	46221516	1	hyper	1	1	16.25	30.75	0.8967	0.9667
chr21	46222183	46222238	56	hyper	4	4	41.56	51.81	0.4423	0.8
chr21	46222300	46222300	1	hyper	1	1	44.75	57.25	0.3552	0.5667
chr21	46222337	46222338	2	hyper	2	2	42.62	53.62	0.4356	0.6834
chr21	46238433	46238433	1	hyper	1	1	13.25	18.75	0.6217	0.6333
chr21	46238671	46238671	1	hyper	1	1	13.75	7.75	0.7315	0.9
chr21	46359750	46359768	19	hyper	5	5	22.05	13.05	0.712	0.9
chr21	46359789	46359824	36	hyper	11	11	26.34	6.34	0.8453	0.9788
chr21	46359826	46359833	8	hyper	2	2	26.25	6.25	0.8843	1
chr21	46359841	46359847	7	hyper	4	4	26.25	6.25	0.8654	0.9917
chr21	46359996	46360038	43	hyper	5	5	13	19.75	0.8838	0.98
chr21	46360322	46360370	49	hyper	4	4	22.62	15.19	0.7168	0.8083
chr21	46360394	46360394	1	hyper	1	1	20.75	10	0.9808	0.9
chr21	46400686	46400686	1	hyper	1	1	35.5	23.5	0.4676	0.8333
chr21	46402955	46402955	1	hyper	1	1	20.5	10.5	0.3265	0.5667
chr21	46403022	46403022	1	hyper	1	1	15	27.75	0.3672	0.5667
chr21	46403427	46403427	1	hyper	1	1	11.75	14.5	0.3094	0.5333
chr21	46404919	46404919	1	hyper	1	1	24.75	11.75	0.3031	0.5
chr21	46404938	46404938	1	hyper	1	1	24.75	11.75	0.3519	0.6667
chr21	46406866	46406866	1	hyper	1	1	18.5	6.75	0.7115	0.6667
chr21	46410953	46410953	1	hyper	1	1	16.75	12.75	0.3495	0.5667
chr21	46411015	46411015	1	hyper	1	1	16.75	12.75	0.3182	0.5333
chr21	46420583	46420583	1	hyper	1	1	16.25	10.25	0.3675	0.7333
chr21	46438312	46438313	2	hyper	2	2	20	12.5	0.4925	0.6834
chr21	46438672	46438672	1	hyper	1	1	22.5	12.5	0.5826	0.9
chr21	46452653	46452653	1	hyper	1	1	28.25	11.25	0.3311	0.7667
chr21	46453493	46453493	1	hyper	1	1	9.25	15.5	0.3246	0.7
chr21	46484851	46484851	1	hyper	1	1	16.5	14.75	0.5897	0.6333
chr21	46494288	46494288	1	hyper	1	1	20.75	16	0.9474	0.8667
chr21	46494292	46494324	33	hyper	13	13	19.13	15.31	0.9171	0.9795
chr21	46494327	46494390	64	hyper	13	13	14.92	12.5	0.8121	0.9308
chr21	46494392	46494433	42	hyper	15	15	17.02	10.43	0.8296	0.9556
chr21	46494441	46494441	1	hyper	1	1	21.25	10	0.9848	1
chr21	46494482	46494482	1	hyper	1	1	9	10.25	1	1
chr21	46494499	46494516	18	hyper	4	4	9	10.25	0.9464	0.9917
chr21	46494528	46494543	16	hyper	5	5	9	10.25	0.9369	1
chr21	46494563	46494563	1	hyper	1	1	9	10.25	0.9444	0.9333
chr21	46494575	46494580	6	hyper	2	2	22.5	7	0.9244	0.9834
chr21	46494598	46494598	1	hyper	1	1	22.5	7	0.9342	0.9667
chr21	46494606	46494642	37	hyper	7	7	22.5	8.86	0.8411	0.9095
chr21	46494652	46494668	17	hyper	4	4	11.25	10	0.9197	1
chr21	46494672	46494747	76	hyper	17	17	11.25	10	0.9436	0.9824
chr21	46494834	46494835	2	hyper	2	2	25	15.5	0.9908	0.9834
chr21	46494842	46494856	15	hyper	7	7	25	15.46	0.9896	0.9857
chr21	46494867	46494896	30	hyper	6	6	25	15.5	0.9777	1
chr21	46494900	46494900	1	hyper	1	1	25	15.75	0.997	0.9667
chr21	46494910	46494939	30	hyper	2	2	17.25	21.62	0.9638	1
chr21	46494944	46494978	35	hyper	14	14	10	28.88	0.9243	0.9619
chr21	46494993	46494993	1	hyper	1	1	10.5	29.75	0.4062	0.6
chr21	46494998	46494998	1	hyper	1	1	10.5	29.75	1	1
chr21	46495002	46495033	32	hyper	9	9	13.56	28.78	0.8387	0.9926
chr21	46495045	46495104	60	hyper	11	11	12.77	18.09	0.8913	0.9424
chr21	46495112	46495113	2	hyper	2	2	12.75	18.12	0.9672	1
chr21	46495170	46495230	61	hyper	6	6	27.75	10	0.8917	0.9778
chr21	46513274	46513274	1	hyper	1	1	14.5	15	0.5716	0.9667
chr21	46678529	46678529	1	hyper	1	1	9.25	11.5	0.3308	0.5
chr21	46682864	46682864	1	hyper	1	1	10.25	6.25	0.5238	0.5667
chr21	46715615	46715615	1	hyper	1	1	15.25	18.75	0.4846	0.5
chr21	46739049	46739049	1	hyper	1	1	25.5	9.5	0.4572	0.5667
chr21	46748844	46748856	13	hyper	2	2	11.5	17.88	0.5472	0.55
chr21	46750466	46750466	1	hyper	1	1	7.25	30.5	0.501	0.8333
chr21	46768067	46768067	1	hyper	1	1	24.75	29.5	0.406	0.5667
chr21	46772721	46772721	1	hyper	1	1	17	10.75	0.573	0.7
chr21	46778416	46778416	1	hyper	1	1	39.75	25.75	0.6385	1
chr21	46783487	46783487	1	hyper	1	1	30.5	14.5	0.3647	0.7
chr21	46783712	46783712	1	hyper	1	1	16	23	0.3055	0.7333
chr21	46784417	46784417	1	hyper	1	1	13.5	8	0.3052	0.6667
chr21	46784940	46784940	1	hyper	1	1	21.25	18.75	0.5624	0.5333
chr21	46806681	46806681	1	hyper	1	1	16	22	0.351	0.7333
chr21	46824711	46824711	1	hyper	1	1	19	16	0.6018	0.5333
chr21	46824796	46824796	1	hyper	1	1	41.25	6.75	0.6357	0.9333
chr21	46824809	46824809	1	hyper	1	1	34.5	8.75	0.4178	0.5
chr21	46824845	46824846	2	hyper	2	2	37.88	7.75	0.4972	0.5834
chr21	46825062	46825062	1	hyper	1	1	9.5	12.5	0.5021	0.6667
chr21	46825065	46825065	1	hyper	1	1	9.5	12.5	0.5432	0.5333
chr21	46825076	46825077	2	hyper	2	2	9.75	13.5	0.5636	0.5667
chr21	46825080	46825080	1	hyper	1	1	10	14.5	0.6917	1
chr21	46825089	46825089	1	hyper	1	1	10	14.5	0.8229	1
chr21	46825099	46825102	4	hyper	3	3	9.67	13.17	0.5495	0.9222
chr21	46825119	46825119	1	hyper	1	1	9.5	12.5	0.7952	1
chr21	46825122	46825122	1	hyper	1	1	10	14.5	0.4469	0.5333
chr21	46825154	46825154	1	hyper	1	1	10	14.5	0.5969	0.9667
chr21	46825206	46825206	1	hyper	1	1	11.75	20.5	0.6778	0.8667
chr21	46825213	46825213	1	hyper	1	1	11.75	20.5	0.5256	0.8667
chr21	46825223	46825223	1	hyper	1	1	11.25	22.5	0.5202	0.8667
chr21	46825232	46825232	1	hyper	1	1	11.25	22.5	0.5411	0.8
chr21	46825699	46825699	1	hyper	1	1	36.75	10	0.6984	1
chr21	46825716	46825718	3	hyper	2	2	36.75	10	0.4687	0.6666
chr21	46825731	46825731	1	hyper	1	1	36.75	10	0.627	0.9667
chr21	46825753	46825753	1	hyper	1	1	36.75	10	0.7727	0.9
chr21	46825774	46825774	1	hyper	1	1	9.5	9	0.7927	0.9667
chr21	46825785	46825785	1	hyper	1	1	9.5	9	0.731	0.8333
chr21	46825794	46825794	1	hyper	1	1	10.25	10.75	0.6448	0.9333
chr21	46825796	46825796	1	hyper	1	1	10.25	10.75	0.5948	0.9
chr21	46825841	46825841	1	hyper	1	1	10.25	10.75	0.5386	0.8333
chr21	46825897	46825897	1	hyper	1	1	5.75	11.5	0.6667	1
chr21	46825909	46825909	1	hyper	1	1	7.75	11.75	0.5059	0.9333
chr21	46825938	46825938	1	hyper	1	1	7.75	11.75	0.75	0.6
chr21	46825944	46825944	1	hyper	1	1	5.75	11.5	0.5125	0.6
chr21	46825973	46825973	1	hyper	1	1	5.75	11.5	0.5667	0.8
chr21	46825982	46825982	1	hyper	1	1	7.75	11.75	0.6161	0.6
chr21	46826006	46826006	1	hyper	1	1	5.75	9.75	0.6692	0.9667
chr21	46826018	46826018	1	hyper	1	1	5.75	9.75	0.5625	0.8
chr21	46829891	46829891	1	hyper	1	1	9.5	29.75	0.3544	0.5667
chr21	46830007	46830018	12	hyper	3	3	8.33	32.58	0.3824	0.6555
chr21	46844883	46844884	2	hyper	2	2	16.5	22.75	0.3674	0.7
chr21	46847401	46847401	1	hyper	1	1	9.25	10	0.5336	0.5667
chr21	46847448	46847448	1	hyper	1	1	9.25	10	0.3546	0.6
chr21	46848157	46848157	1	hyper	1	1	17.75	13.75	0.4113	0.5333
chr21	46876442	46876477	36	hyper	2	2	6.25	29.75	0.3884	0.7167
chr21	46876581	46876581	1	hyper	1	1	22.5	19	0.5306	0.5667
chr21	46876680	46876680	1	hyper	1	1	22.75	20.5	0.4599	0.8
chr21	46876716	46876716	1	hyper	1	1	22.75	20.5	0.5185	0.5333
chr21	46910115	46910124	10	hyper	2	2	23.5	9.5	0.4571	0.7834
chr21	46914928	46914928	1	hyper	1	1	10	14.25	0.3327	0.8
chr21	46923876	46923876	1	hyper	1	1	31.5	13.75	0.3723	0.7333
chr21	46924018	46924018	1	hyper	1	1	31.5	13.75	0.3644	0.8333
chr21	46927391	46927391	1	hyper	1	1	15.5	7.25	0.5164	0.8333
chr21	46935970	46935970	1	hyper	1	1	18.25	15	0.3414	0.8333
chr21	46953762	46953762	1	hyper	1	1	15.25	13.5	0.8244	0.8667
chr21	46962343	46962343	1	hyper	1	1	7.75	8.25	0.6853	0.7667
chr21	46974883	46974883	1	hyper	1	1	15.75	17.5	0.4028	0.5667
chr21	46982435	46982435	1	hyper	1	1	21.75	8.75	0.3139	0.5333
chr21	46994046	46994046	1	hyper	1	1	12.5	42.75	0.3644	0.8667
chr21	47001159	47001159	1	hyper	1	1	13	13	0.3833	0.9
chr21	47001312	47001312	1	hyper	1	1	13	13	0.6409	0.8667
chr21	47001419	47001419	1	hyper	1	1	14.75	6.25	0.5781	0.7667
chr21	47010337	47010337	1	hyper	1	1	3.25	11.75	0.406	0.5667
chr21	47010384	47010384	1	hyper	1	1	13.25	14	0.3597	0.5333
chr21	47019125	47019125	1	hyper	1	1	23	11.5	0.4584	0.7333
chr21	47025207	47025207	1	hyper	1	1	4.75	5.25	0.3008	0.6333
chr21	47029684	47029684	1	hyper	1	1	9.75	12.75	0.3396	0.5333
chr21	47035866	47035866	1	hyper	1	1	39.25	14.75	0.3007	0.6333
chr21	47049424	47049424	1	hyper	1	1	9	22	0.6154	0.5667
chr21	47049435	47049435	1	hyper	1	1	7	22.5	0.6524	0.8333
chr21	47062340	47062340	1	hyper	1	1	11.25	11.75	0.702	0.6667
chr21	47062654	47062654	1	hyper	1	1	17.25	8.25	0.6046	0.6667
chr21	47062698	47062702	5	hyper	2	2	5.75	21.88	0.5681	0.8333
chr21	47063362	47063362	1	hyper	1	1	10.75	6.25	0.7351	0.8667
chr21	47063620	47063620	1	hyper	1	1	21.75	13.75	0.7228	0.7
chr21	47063657	47063657	1	hyper	1	1	21.75	13.75	0.7451	0.8
chr21	47063827	47063827	1	hyper	1	1	19.5	19.5	0.5196	0.5
chr21	47063852	47063852	1	hyper	1	1	19.5	19.5	0.786	0.8
chr21	47063859	47063859	1	hyper	1	1	19.5	19.5	0.5853	0.6333
chr21	47063986	47063986	1	hyper	1	1	18.5	12.5	0.8298	0.8667
chr21	47238084	47238084	1	hyper	1	1	15	16	0.3699	0.7333
chr21	47326552	47326552	1	hyper	1	1	18.25	22.5	0.374	0.5667
chr21	47361510	47361510	1	hyper	1	1	22.75	46.25	0.3939	0.6333
chr21	47363369	47363369	1	hyper	1	1	16.75	7.5	0.3723	0.5333
chr21	47368560	47368560	1	hyper	1	1	13	6.5	0.4308	0.6
chr21	47393122	47393129	8	hyper	2	2	27.62	27.12	0.6283	0.7667
chr21	47393135	47393136	2	hyper	2	2	27.62	27.12	0.5136	0.6666
chr21	47393176	47393176	1	hyper	1	1	18	22.5	0.6708	0.9
chr21	47393195	47393195	1	hyper	1	1	24.75	22.5	0.6106	0.7667
chr21	47393245	47393245	1	hyper	1	1	23.5	22.5	0.6893	1
chr21	47394311	47394311	1	hyper	1	1	22.75	23.75	0.6766	0.8333
chr21	47412249	47412249	1	hyper	1	1	24.5	19.5	0.3575	0.6
chr21	47414069	47414069	1	hyper	1	1	29.75	17.5	0.3463	0.6
chr21	47414372	47414372	1	hyper	1	1	12.5	14	0.3655	0.6
chr21	47416439	47416439	1	hyper	1	1	21.5	14.75	0.3028	0.8
chr21	47419052	47419052	1	hyper	1	1	9.75	18.5	0.6847	0.5333
chr21	47427217	47427217	1	hyper	1	1	40.25	30.25	0.3745	0.7
chr21	47503439	47503439	1	hyper	1	1	7.5	11	0.3884	0.7667
chr21	47517793	47517793	1	hyper	1	1	13.5	9.25	0.6334	0.8
chr21	47518917	47518917	1	hyper	1	1	21	24.75	0.5377	0.5333
chr21	47540982	47540982	1	hyper	1	1	5.25	18	0.5442	0.7667
chr21	47541631	47541631	1	hyper	1	1	28.5	8.5	0.5591	0.7
chr21	47546521	47546521	1	hyper	1	1	9	27.5	0.319	0.6667
chr21	47579946	47579946	1	hyper	1	1	18	27.25	0.4003	0.7667
chr21	47648430	47648430	1	hyper	1	1	15	7.5	0.9853	1
chr21	47648440	47648441	2	hyper	2	2	13.75	8.12	0.9062	0.7333
chr21	47648457	47648468	12	hyper	6	6	13.75	8.12	0.9682	0.9889
chr21	47648479	47648506	28	hyper	8	8	13.75	8.12	0.9187	0.9875
chr21	47648526	47648722	197	hyper	10	10	20.4	10.9	0.8263	0.9767
chr21	47648732	47648741	10	hyper	3	3	25.33	18.17	0.9179	0.9889
chr21	47648751	47648759	9	hyper	2	2	25.75	18.25	0.8971	1
chr21	47648768	47648802	35	hyper	14	14	25.75	18.25	0.8851	0.9643
chr21	47648823	47648848	26	hyper	8	8	25.75	18.25	0.8843	0.9458
chr21	47648850	47648853	4	hyper	2	2	25.75	18.25	0.9756	0.9834
chr21	47648862	47648862	1	hyper	1	1	27	18.5	0.9872	1
chr21	47649157	47649163	7	hyper	2	2	34.25	8.5	0.6702	0.95
chr21	47649170	47649170	1	hyper	1	1	34.25	8.5	0.9528	0.9667
chr21	47649220	47649246	27	hyper	4	4	34.25	8.5	0.9165	1
chr21	47649273	47649280	8	hyper	2	2	34.25	8.5	1	1
chr21	47649303	47649381	79	hyper	13	13	31.08	9.48	0.9323	0.9539
chr21	47649392	47649428	37	hyper	9	9	30.75	9.58	0.8278	0.8778
chr21	47649434	47649434	1	hyper	1	1	31.75	9.25	0.9891	0.9667
chr21	47649438	47649441	4	hyper	2	2	29.5	10	0.9913	1
chr21	47685951	47685951	1	hyper	1	1	10	11.75	0.4674	0.5333
chr21	47705696	47705696	1	hyper	1	1	24	15.75	0.6082	0.8667
chr21	47717306	47717306	1	hyper	1	1	6.5	15.75	0.868	0.8667
chr21	47717339	47717339	1	hyper	1	1	6.5	15.75	0.8958	0.9667
chr21	47717347	47717389	43	hyper	3	3	27.92	14.5	0.6799	0.8667
chr21	47717483	47717493	11	hyper	2	2	27.25	10.5	0.759	0.8834
chr21	47717525	47717525	1	hyper	1	1	19.25	15	0.5795	0.6333
chr21	47717575	47717577	3	hyper	2	2	19.25	15	0.8019	0.85
chr21	47717609	47717610	2	hyper	2	2	19.38	22.88	0.6384	0.7166
chr21	47717666	47717666	1	hyper	1	1	20.25	23.75	0.772	0.8667
chr21	47717708	47717709	2	hyper	2	2	19.38	22.88	0.924	0.9667
chr21	47717721	47717729	9	hyper	3	3	19.67	23.17	0.7445	0.8333
chr21	47717750	47717750	1	hyper	1	1	18.5	22	0.7388	0.6
chr21	47717762	47717762	1	hyper	1	1	17.75	13.5	0.6425	0.7
chr21	47717778	47717782	5	hyper	3	3	17.67	14.42	0.627	0.7778
chr21	47717789	47717790	2	hyper	2	2	17.62	14.88	0.6478	0.6833
chr21	47742983	47742983	1	hyper	1	1	22.5	29.5	0.7974	0.8333
chr21	47744164	47744164	1	hyper	1	1	7.5	12.5	0.8038	0.6333
chr21	9540373	9540373	1	hypo	1	1	22.5	9.5	-0.3815	0.5667
chr21	9664671	9664671	1	hypo	1	1	21.5	9.25	-0.3713	0.5
chr21	9704431	9704431	1	hypo	1	1	8	10.75	-0.4074	0.6
chr21	9709088	9709088	1	hypo	1	1	39	10.5	-0.5831	0.7667
chr21	9709100	9709100	1	hypo	1	1	39	10.5	-0.4656	0.8
chr21	9709133	9709133	1	hypo	1	1	39	10.5	-0.575	0.7333
chr21	9709150	9709174	25	hypo	5	5	37.4	11.6	-0.5303	0.7333
chr21	9709188	9709188	1	hypo	1	1	39	10.5	-0.6174	0.8
chr21	9909575	9909576	2	hypo	2	2	13.5	10	-0.5913	0.7333
chr21	9909602	9909602	1	hypo	1	1	12.75	10.25	-0.7299	0.9
chr21	9926563	9926563	1	hypo	1	1	21.5	13.25	-0.9438	0.9667
chr21	9926601	9926602	2	hypo	2	2	20.38	11.12	-0.9502	0.9834
chr21	9926627	9926672	46	hypo	4	4	14.81	14.75	-0.7811	0.8084
chr21	9926685	9926685	1	hypo	1	1	13.5	17	-0.903	1
chr21	9926693	9926694	2	hypo	2	2	13.38	16.75	-0.7004	0.9334
chr21	9926742	9926887	146	hypo	11	11	14.27	32.16	-0.6987	0.8606
chr21	9926895	9926928	34	hypo	2	2	10	7.75	-0.6706	0.7834
chr21	9926990	9926990	1	hypo	1	1	13.25	5.25	-0.6934	0.8
chr21	9927045	9927065	21	hypo	3	3	13.25	5.25	-0.8012	0.9445
chr21	9968708	9968708	1	hypo	1	1	12.5	23.5	-0.5003	0.7
chr21	10597960	10597960	1	hypo	1	1	8.5	31	-0.3054	0.7
chr21	10598205	10598205	1	hypo	1	1	26.75	20.25	-0.3264	0.5
chr21	10598317	10598317	1	hypo	1	1	31.25	22	-0.3166	0.5667
chr21	10772711	10772711	1	hypo	1	1	6.5	12.25	-0.6062	0.6667
chr21	10885062	10885062	1	hypo	1	1	41.25	14	-0.3586	0.8667
chr21	10891704	10891704	1	hypo	1	1	20	11.5	-0.3199	0.8
chr21	10891839	10891839	1	hypo	1	1	16.5	9.5	-0.3171	0.5667
chr21	10990167	10990178	12	hypo	2	2	16.25	24.5	-0.4926	0.7
chr21	10990557	10990557	1	hypo	1	1	28	13.25	-0.4252	0.6
chr21	10990644	10990660	17	hypo	2	2	17	38.38	-0.3554	0.6334
chr21	10990683	10990683	1	hypo	1	1	19.25	41	-0.5021	0.5667
chr21	11012041	11012041	1	hypo	1	1	16	14.25	-0.3976	0.6333
chr21	11099250	11099255	6	hypo	2	2	19.62	14.75	-0.3885	0.6666
chr21	11106788	11106789	2	hypo	2	2	18.75	13.25	-0.4352	0.6334
chr21	11106799	11106799	1	hypo	1	1	20.5	14.25	-0.6504	0.8333
chr21	11106863	11106863	1	hypo	1	1	11.75	32.5	-0.872	1
chr21	11106877	11106877	1	hypo	1	1	11.75	32.5	-0.322	0.5333
chr21	11106887	11106904	18	hypo	3	3	12.5	30.83	-0.5873	0.9222
chr21	11116785	11116785	1	hypo	1	1	21	13.5	-0.343	0.6
chr21	11135490	11135490	1	hypo	1	1	13	7.5	-0.5353	0.5333
chr21	11169151	11169151	1	hypo	1	1	20	8.25	-0.3229	0.5667
chr21	14568846	14568846	1	hypo	1	1	38.25	6.5	-0.3174	0.6333
chr21	14569091	14569091	1	hypo	1	1	15.25	7.25	-0.4729	0.5667
chr21	14744733	14744733	1	hypo	1	1	11.75	18	-0.3931	0.6333
chr21	14751479	14751479	1	hypo	1	1	20	5.25	-0.3578	0.5
chr21	14855059	14855059	1	hypo	1	1	24.75	19.5	-0.4078	0.6333
chr21	15086217	15086217	1	hypo	1	1	3.25	11.75	-0.4164	0.5333
chr21	15308344	15308413	70	hypo	4	4	14.94	13.88	-0.7346	0.8834
chr21	15308422	15308422	1	hypo	1	1	12.75	8.75	-0.653	0.6
chr21	15308486	15308486	1	hypo	1	1	8	14.25	-0.9938	0.9333
chr21	15308845	15308866	22	hypo	2	2	15.75	14.75	-0.7914	0.7667
chr21	15308877	15308877	1	hypo	1	1	15.75	14.75	-0.7386	0.5
chr21	15336130	15336130	1	hypo	1	1	11.5	5.5	-0.5771	0.5667
chr21	15353751	15353751	1	hypo	1	1	12.25	21	-0.4211	0.6667
chr21	15399325	15399325	1	hypo	1	1	10	13.25	-0.4542	0.6667
chr21	15436221	15436221	1	hypo	1	1	6.75	18.25	-0.8604	1
chr21	15436245	15436246	2	hypo	2	2	5.62	18.75	-0.5665	0.8166
chr21	15436261	15436261	1	hypo	1	1	18.75	38.75	-0.4812	0.8333
chr21	15436342	15436342	1	hypo	1	1	13.75	11	-0.732	0.8333
chr21	15436349	15436361	13	hypo	6	6	12.5	11.12	-0.8803	0.9333
chr21	15436365	15436371	7	hypo	2	2	12.5	11.12	-0.8564	0.8666
chr21	15436390	15436390	1	hypo	1	1	13.75	11	-0.9219	0.8333
chr21	15436412	15436412	1	hypo	1	1	13.75	11	-0.9079	0.9333
chr21	15436420	15436420	1	hypo	1	1	11.25	11.25	-0.866	0.8333
chr21	15436733	15436764	32	hypo	4	4	9.06	19.81	-0.8764	0.95
chr21	15436780	15436780	1	hypo	1	1	9.5	20	-0.8164	0.8
chr21	15436785	15436785	1	hypo	1	1	9.5	20	-0.6966	0.7
chr21	15436809	15436809	1	hypo	1	1	7.75	19.25	-0.9959	0.9
chr21	15436853	15436854	2	hypo	2	2	8.62	19.62	-0.7255	0.8667
chr21	15755263	15755263	1	hypo	1	1	22.25	11.25	-0.444	0.6333
chr21	15755278	15755278	1	hypo	1	1	22.25	11.25	-0.5212	0.5667
chr21	15755385	15755385	1	hypo	1	1	25.25	10.75	-0.6073	0.6
chr21	15755538	15755538	1	hypo	1	1	20.75	12.75	-0.4242	0.5333
chr21	15869853	15869853	1	hypo	1	1	15.25	16.5	-0.5003	0.5667
chr21	16192229	16192229	1	hypo	1	1	6	15	-0.3375	0.6
chr21	16591855	16591855	1	hypo	1	1	22.25	5	-0.5161	0.6
chr21	16639595	16639595	1	hypo	1	1	18.25	17.5	-0.3854	0.5333
chr21	16686849	16686849	1	hypo	1	1	6.75	17.25	-0.6523	0.7667
chr21	16686940	16686944	5	hypo	2	2	6.88	15.62	-0.4614	0.5167
chr21	17102252	17102252	1	hypo	1	1	12.25	23.5	-0.4174	0.5667
chr21	17671653	17671653	1	hypo	1	1	16.75	6.5	-0.5346	0.8333
chr21	17725645	17725645	1	hypo	1	1	19.5	7.5	-0.3575	0.5333
chr21	17729517	17729517	1	hypo	1	1	10.75	38.75	-0.4677	0.7
chr21	17930418	17930418	1	hypo	1	1	21.75	17.25	-0.3042	0.5
chr21	18032647	18032647	1	hypo	1	1	4.25	7.5	-0.401	0.5667
chr21	18665294	18665294	1	hypo	1	1	4.5	22.25	-0.4168	0.7667
chr21	18826054	18826054	1	hypo	1	1	7	10	-0.3798	0.5333
chr21	18826252	18826252	1	hypo	1	1	21.75	11	-0.3062	0.7333
chr21	18826284	18826284	1	hypo	1	1	21.75	11	-0.4525	0.5
chr21	18853279	18853279	1	hypo	1	1	19.5	14	-0.6114	0.6
chr21	18882679	18882679	1	hypo	1	1	21.75	15.25	-0.3021	0.5
chr21	18882955	18882955	1	hypo	1	1	15.25	7.5	-0.5105	0.6
chr21	19692042	19692042	1	hypo	1	1	16.25	7	-0.4747	0.5333
chr21	19693762	19693762	1	hypo	1	1	22.75	17.25	-0.357	0.7333
chr21	20393875	20393875	1	hypo	1	1	18.25	9.75	-0.3292	0.5333
chr21	21390958	21390958	1	hypo	1	1	6	17.25	-0.3566	0.6333
chr21	21477477	21477477	1	hypo	1	1	9.5	6.25	-0.4386	0.5333
chr21	21552338	21552338	1	hypo	1	1	31.75	13	-0.3602	0.5
chr21	21798304	21798304	1	hypo	1	1	19.25	37	-0.3597	0.5667
chr21	21815357	21815357	1	hypo	1	1	6.75	12	-0.7036	0.7667
chr21	22013056	22013056	1	hypo	1	1	11	18.25	-0.3331	0.7333
chr21	22106427	22106427	1	hypo	1	1	25.75	21.5	-0.3651	0.6667
chr21	22173785	22173785	1	hypo	1	1	20.25	18	-0.3052	0.6
chr21	22274115	22274115	1	hypo	1	1	19.25	11.75	-0.8984	0.9333
chr21	22362694	22362694	1	hypo	1	1	32.75	12	-0.3486	0.6
chr21	22362727	22362727	1	hypo	1	1	32.75	12	-0.3325	0.6333
chr21	22370452	22370452	1	hypo	1	1	32.75	26.75	-0.3718	0.7333
chr21	22370684	22370684	1	hypo	1	1	10.25	23.25	-0.3432	0.8333
chr21	22370930	22370930	1	hypo	1	1	12.25	12.75	-0.384	0.5333
chr21	22493161	22493161	1	hypo	1	1	35	18.75	-0.3039	0.7
chr21	22493323	22493323	1	hypo	1	1	35	18.75	-0.3213	0.5333
chr21	22629995	22629995	1	hypo	1	1	13.5	21.75	-0.3367	0.6667
chr21	22854208	22854208	1	hypo	1	1	11.25	7.25	-0.5865	0.6333
chr21	23226203	23226203	1	hypo	1	1	12.25	6.75	-0.4333	0.6667
chr21	23257424	23257424	1	hypo	1	1	8	26	-0.3601	0.8
chr21	23274814	23274814	1	hypo	1	1	15.75	16.75	-0.3048	0.8333
chr21	23274961	23274961	1	hypo	1	1	21.5	52.25	-0.3276	0.5333
chr21	23275816	23275816	1	hypo	1	1	9.25	14.5	-0.3688	0.8
chr21	23328175	23328175	1	hypo	1	1	10.25	4.5	-0.5262	0.6333
chr21	23582239	23582239	1	hypo	1	1	3.75	13.25	-0.315	0.5667
chr21	23778472	23778472	1	hypo	1	1	7.25	24.5	-0.3417	0.5
chr21	23778571	23778571	1	hypo	1	1	7.5	22	-0.3918	0.7
chr21	23800350	23800350	1	hypo	1	1	13.5	23.25	-0.3365	0.5333
chr21	23833242	23833252	11	hypo	2	2	14.5	12	-0.3618	0.75
chr21	23883111	23883111	1	hypo	1	1	14.5	11.25	-0.3903	0.7667
chr21	23934429	23934429	1	hypo	1	1	7.25	25.75	-0.4746	0.6667
chr21	23940377	23940377	1	hypo	1	1	28	13	-0.526	0.9
chr21	23956427	23956427	1	hypo	1	1	13.5	29	-0.3241	0.6333
chr21	24393850	24393850	1	hypo	1	1	11	33.25	-0.327	0.5333
chr21	24401711	24401748	38	hypo	2	2	18.12	24.5	-0.4812	0.7833
chr21	24437034	24437034	1	hypo	1	1	7.25	7.5	-0.3563	0.6
chr21	24459526	24459526	1	hypo	1	1	12.5	16.75	-0.377	0.6667
chr21	24464309	24464309	1	hypo	1	1	14.25	25.75	-0.4092	0.5
chr21	24474244	24474244	1	hypo	1	1	18.25	17.5	-0.3694	0.7
chr21	24716604	24716604	1	hypo	1	1	27.25	8	-0.3852	0.6
chr21	24737344	24737344	1	hypo	1	1	4.25	19.75	-0.3713	0.7333
chr21	24793195	24793195	1	hypo	1	1	28.25	11	-0.5762	0.8667
chr21	24829174	24829174	1	hypo	1	1	5	13.75	-0.4243	0.6667
chr21	24928710	24928710	1	hypo	1	1	5.25	26.25	-0.4883	0.8333
chr21	25008590	25008590	1	hypo	1	1	13.25	14.25	-0.337	0.6333
chr21	25106772	25106772	1	hypo	1	1	12.5	14.25	-0.3551	0.6667
chr21	25179392	25179392	1	hypo	1	1	10	7.5	-0.3753	0.5667
chr21	25179411	25179411	1	hypo	1	1	10	7.5	-0.384	0.6
chr21	25179434	25179434	1	hypo	1	1	11.75	3.5	-0.358	0.5333
chr21	25229787	25229787	1	hypo	1	1	14.75	18.25	-0.3478	0.8333
chr21	25229806	25229806	1	hypo	1	1	14.75	15.5	-0.5168	0.8667
chr21	25229854	25229854	1	hypo	1	1	14.75	15.5	-0.456	0.6333
chr21	25234028	25234028	1	hypo	1	1	13.5	12	-0.4068	0.5667
chr21	25277338	25277338	1	hypo	1	1	7.5	18.75	-0.4403	0.7
chr21	25295049	25295049	1	hypo	1	1	9.25	18.75	-0.3468	0.5
chr21	25320535	25320535	1	hypo	1	1	11.25	25.5	-0.3732	0.8
chr21	25337178	25337178	1	hypo	1	1	10	22.5	-0.3716	0.5
chr21	25512928	25512928	1	hypo	1	1	19.25	5	-0.3301	0.5
chr21	25964205	25964205	1	hypo	1	1	17.75	5.75	-0.3701	0.6333
chr21	26139945	26139945	1	hypo	1	1	23.25	19.75	-0.3298	0.6667
chr21	26278246	26278246	1	hypo	1	1	20	19	-0.3208	0.7333
chr21	26388651	26388651	1	hypo	1	1	12.75	20.25	-0.4169	0.7333
chr21	26734249	26734249	1	hypo	1	1	15.5	29.25	-0.3738	0.5
chr21	27011854	27011854	1	hypo	1	1	11.75	6	-0.4597	0.6
chr21	27071800	27071800	1	hypo	1	1	23.5	9.75	-0.538	0.5333
chr21	27691604	27691604	1	hypo	1	1	20	23	-0.6931	0.6
chr21	30372606	30372606	1	hypo	1	1	23.25	9	-0.6855	0.8333
chr21	30375065	30375065	1	hypo	1	1	7.25	8	-0.7012	0.5333
chr21	30721232	30721232	1	hypo	1	1	24.75	9.75	-0.4565	0.5667
chr21	30938005	30938005	1	hypo	1	1	10.5	25.75	-0.3628	0.6333
chr21	31079425	31079425	1	hypo	1	1	4.25	30.25	-0.3491	0.6667
chr21	32931210	32931210	1	hypo	1	1	24.25	7.5	-0.8	0.8
chr21	32966361	32966361	1	hypo	1	1	20.75	42.75	-0.8897	0.9333
chr21	33245908	33245908	1	hypo	1	1	26.75	58.25	-0.3685	0.8
chr21	33288609	33288609	1	hypo	1	1	19.25	14	-0.3195	0.5
chr21	33416627	33416627	1	hypo	1	1	6.75	19.5	-0.4782	0.7
chr21	33446470	33446470	1	hypo	1	1	20.75	10	-0.359	0.5333
chr21	33506500	33506500	1	hypo	1	1	13.5	28.75	-0.4867	0.6667
chr21	33608611	33608611	1	hypo	1	1	20.5	12	-0.3935	0.7333
chr21	33637708	33637708	1	hypo	1	1	13	16.5	-0.3775	0.5333
chr21	33678483	33678525	43	hypo	2	2	19.12	22.75	-0.4559	0.7333
chr21	33687296	33687296	1	hypo	1	1	15	18.5	-0.4322	0.6
chr21	33688886	33688886	1	hypo	1	1	7	8.75	-0.3905	0.6667
chr21	33697000	33697000	1	hypo	1	1	20.25	22	-0.4524	0.5667
chr21	33697084	33697084	1	hypo	1	1	20.25	22	-0.4078	0.5333
chr21	33706596	33706596	1	hypo	1	1	17	33.75	-0.3533	0.5
chr21	33765123	33765123	1	hypo	1	1	36.25	11.75	-0.3323	0.5667
chr21	33968316	33968393	78	hypo	2	2	13.75	10.75	-0.5692	0.7166
chr21	33982636	33982636	1	hypo	1	1	11.5	16	-0.7337	0.8
chr21	34424449	34424449	1	hypo	1	1	7.75	7	-0.5875	0.7667
chr21	34482123	34482123	1	hypo	1	1	16.75	15.25	-0.512	0.7
chr21	34501856	34501856	1	hypo	1	1	7	15	-0.7922	0.8333
chr21	35026075	35026075	1	hypo	1	1	12.25	10.25	-0.7582	0.7667
chr21	35178246	35178246	1	hypo	1	1	14.25	35	-0.3457	0.5667
chr21	35219644	35219644	1	hypo	1	1	15.5	12	-0.6228	0.6333
chr21	35329122	35329122	1	hypo	1	1	27.5	27.25	-0.507	0.7
chr21	35343351	35343351	1	hypo	1	1	19.5	16.25	-0.3445	0.6
chr21	36042000	36042000	1	hypo	1	1	14.5	13.5	-0.7193	0.7
chr21	36164207	36164214	8	hypo	2	2	25	12.38	-0.374	0.75
chr21	36164230	36164238	9	hypo	6	6	29	14.25	-0.4329	0.7889
chr21	36164267	36164298	32	hypo	7	7	28.64	14.32	-0.4247	0.6619
chr21	36164535	36164535	1	hypo	1	1	8.75	31.25	-0.6693	0.7667
chr21	36164563	36164564	2	hypo	2	2	21.5	20.25	-0.497	0.55
chr21	36164611	36164612	2	hypo	2	2	17.12	4.62	-0.4962	0.8334
chr21	36164645	36164645	1	hypo	1	1	29.25	28.25	-0.3506	0.5333
chr21	36164675	36164690	16	hypo	3	3	29.67	28.08	-0.3729	0.6333
chr21	36164708	36164708	1	hypo	1	1	29.25	28.25	-0.4752	0.6333
chr21	36164711	36164711	1	hypo	1	1	29.25	28.25	-0.54	0.7333
chr21	36578714	36578714	1	hypo	1	1	29.25	13.75	-0.3904	0.6667
chr21	36926835	36926835	1	hypo	1	1	14.25	35.25	-0.3874	0.5667
chr21	37529704	37529704	1	hypo	1	1	29.25	12.75	-0.4477	0.7
chr21	37529767	37529767	1	hypo	1	1	16.5	13.25	-0.7723	0.6
chr21	37559057	37559057	1	hypo	1	1	21	16	-0.6578	0.7667
chr21	37691787	37691787	1	hypo	1	1	13.5	24.75	-0.4174	0.5333
chr21	37756188	37756188	1	hypo	1	1	17.25	16.5	-0.3603	0.6667
chr21	37757498	37757498	1	hypo	1	1	20.25	19.75	-0.3808	0.7
chr21	37760413	37760413	1	hypo	1	1	9.75	15.5	-0.5711	0.6667
chr21	37771630	37771630	1	hypo	1	1	10.5	28.75	-0.4135	0.5333
chr21	38065813	38065813	1	hypo	1	1	15	11.5	-0.7536	0.6333
chr21	38080330	38080330	1	hypo	1	1	13.25	11.25	-0.6581	0.7
chr21	38143438	38143438	1	hypo	1	1	6	20.5	-0.7277	0.9333
chr21	38330354	38330354	1	hypo	1	1	16	35.75	-0.6294	0.9
chr21	38338778	38338778	1	hypo	1	1	12	17.5	-0.6854	0.8667
chr21	38339335	38339335	1	hypo	1	1	12	11	-0.5079	0.5667
chr21	38638311	38638311	1	hypo	1	1	17.75	26	-0.5182	0.6667
chr21	38638321	38638363	43	hypo	3	3	18.58	27.75	-0.918	1
chr21	38638367	38638376	10	hypo	4	4	19	28.62	-0.8021	0.9
chr21	38638380	38638380	1	hypo	1	1	20.25	31.25	-0.9904	0.9333
chr21	38740456	38740456	1	hypo	1	1	27.25	35.5	-0.6258	0.7
chr21	39814375	39814375	1	hypo	1	1	28.25	21.25	-0.6407	0.9333
chr21	39949459	39949459	1	hypo	1	1	23.75	30.5	-0.4507	0.7333
chr21	40033630	40033630	1	hypo	1	1	27.5	12	-0.3679	0.6
chr21	40194679	40194679	1	hypo	1	1	26.25	27.25	-0.4183	0.6333
chr21	40796041	40796041	1	hypo	1	1	24.25	10.5	-0.3338	0.6667
chr21	40813051	40813051	1	hypo	1	1	7.75	8.5	-0.5107	0.5333
chr21	40857856	40857856	1	hypo	1	1	8.75	26	-0.3823	0.5
chr21	40868289	40868289	1	hypo	1	1	18.75	9.75	-0.4396	0.7
chr21	40873968	40873968	1	hypo	1	1	28	14.25	-0.3719	0.6333
chr21	40984544	40984544	1	hypo	1	1	9.5	19.5	-0.4685	0.7
chr21	40984821	40984821	1	hypo	1	1	2.75	9.5	-0.6417	0.8333
chr21	41238517	41238517	1	hypo	1	1	10.25	13.5	-0.4576	0.7
chr21	41238576	41238576	1	hypo	1	1	10.25	13.5	-0.3616	0.7667
chr21	41296668	41296668	1	hypo	1	1	19.25	33.75	-0.3251	0.5333
chr21	41515650	41515650	1	hypo	1	1	14.25	26.5	-0.3649	0.8
chr21	41641422	41641422	1	hypo	1	1	16.5	20.5	-0.4279	0.6667
chr21	41654296	41654296	1	hypo	1	1	24	17.25	-0.3736	0.7
chr21	41711192	41711192	1	hypo	1	1	17	16.25	-0.3179	0.5
chr21	41726584	41726584	1	hypo	1	1	8.5	18	-0.4169	0.5333
chr21	41758390	41758390	1	hypo	1	1	17	12	-0.3942	0.5667
chr21	41883657	41883657	1	hypo	1	1	19.25	5	-0.3693	0.6667
chr21	41883779	41883779	1	hypo	1	1	13.5	11.75	-0.4027	0.7
chr21	41908397	41908397	1	hypo	1	1	12.25	8	-0.3763	0.5667
chr21	41908429	41908429	1	hypo	1	1	11.25	12.75	-0.5641	1
chr21	41911279	41911279	1	hypo	1	1	21.25	8.75	-0.3157	0.8667
chr21	42077922	42077922	1	hypo	1	1	22.25	13.5	-0.4564	0.5
chr21	42190340	42190340	1	hypo	1	1	14.25	10	-0.3962	0.6
chr21	42194034	42194034	1	hypo	1	1	12.25	9.5	-0.4031	0.5333
chr21	42751706	42751727	22	hypo	2	2	13.5	12	-0.5029	0.6666
chr21	42798005	42798005	1	hypo	1	1	26.75	17.25	-0.5823	0.8333
chr21	42813571	42813571	1	hypo	1	1	13.25	37.5	-0.3059	0.5
chr21	42823396	42823396	1	hypo	1	1	13.25	15.5	-0.49	0.7667
chr21	42845314	42845314	1	hypo	1	1	10.5	15.5	-0.4634	0.7
chr21	42879353	42879353	1	hypo	1	1	12	21.75	-0.6174	0.8
chr21	42879778	42879778	1	hypo	1	1	22.5	13.25	-0.41	0.5333
chr21	42879887	42879888	2	hypo	2	2	20.5	17.5	-0.4283	0.5833
chr21	42879901	42879901	1	hypo	1	1	21.75	18	-0.6362	0.9
chr21	42880090	42880090	1	hypo	1	1	31	25	-0.3498	0.5333
chr21	42880180	42880180	1	hypo	1	1	6.25	19	-0.3745	0.5
chr21	42880674	42880674	1	hypo	1	1	13.25	31.25	-0.417	0.6667
chr21	42896455	42896455	1	hypo	1	1	14.5	10.25	-0.3692	0.6667
chr21	42919629	42919629	1	hypo	1	1	8.25	39.25	-0.4978	0.7333
chr21	43022903	43022903	1	hypo	1	1	20	12.5	-0.5302	0.7333
chr21	43026036	43026036	1	hypo	1	1	21	23.25	-0.4095	0.5667
chr21	43104163	43104163	1	hypo	1	1	23.25	14.25	-0.5634	0.6
chr21	43109561	43109580	20	hypo	3	3	10.33	5.92	-0.619	0.8778
chr21	43146133	43146133	1	hypo	1	1	14	7.25	-0.5942	0.5333
chr21	43148480	43148480	1	hypo	1	1	21.75	10.25	-0.6361	0.6667
chr21	43236379	43236379	1	hypo	1	1	32.75	38	-0.5084	0.5667
chr21	43236432	43236447	16	hypo	3	3	8.25	23.5	-0.8088	0.7889
chr21	43236457	43236462	6	hypo	3	3	25.5	19.25	-0.5499	0.8667
chr21	43299595	43299595	1	hypo	1	1	10	19.5	-0.5862	0.7667
chr21	43431071	43431071	1	hypo	1	1	8.25	14	-0.5829	0.6
chr21	43530856	43530856	1	hypo	1	1	20	10.25	-0.4159	0.5667
chr21	43655095	43655095	1	hypo	1	1	10.25	25.75	-0.4644	0.7
chr21	43689840	43689840	1	hypo	1	1	8.75	9.75	-0.6441	0.5667
chr21	43690142	43690142	1	hypo	1	1	4	34	-0.388	0.5667
chr21	43691254	43691254	1	hypo	1	1	14.25	11.25	-0.5079	0.5333
chr21	43705933	43705933	1	hypo	1	1	5	17.5	-0.6116	0.5
chr21	43714285	43714285	1	hypo	1	1	16.25	25.75	-0.5412	0.7
chr21	43714579	43714579	1	hypo	1	1	5.5	13.25	-0.581	0.6667
chr21	43721690	43721690	1	hypo	1	1	29.5	8	-0.3374	0.5333
chr21	43726170	43726170	1	hypo	1	1	6.5	4.5	-0.4992	0.5667
chr21	43730826	43730826	1	hypo	1	1	18.75	25	-0.5592	0.8
chr21	43767894	43767894	1	hypo	1	1	4	12	-0.5392	0.8333
chr21	43771206	43771206	1	hypo	1	1	21.75	28.75	-0.5692	0.7
chr21	43833306	43833307	2	hypo	2	2	23.5	9.25	-0.3646	0.5167
chr21	43859182	43859183	2	hypo	2	2	12.12	18.75	-0.3687	0.55
chr21	43867496	43867496	1	hypo	1	1	16.5	32.25	-0.4927	0.6667
chr21	43896966	43896966	1	hypo	1	1	7	52	-0.3393	0.5
chr21	43916494	43916494	1	hypo	1	1	7	12.25	-0.3436	0.6333
chr21	44078691	44078691	1	hypo	1	1	17.25	23	-0.491	0.8
chr21	44089277	44089277	1	hypo	1	1	9.5	6	-0.4479	0.6333
chr21	44089916	44089916	1	hypo	1	1	11.5	5.5	-0.4956	0.6
chr21	44100507	44100507	1	hypo	1	1	9.25	11.75	-0.4634	0.7
chr21	44106499	44106513	15	hypo	2	2	23	23.75	-0.8956	0.8834
chr21	44106523	44106539	17	hypo	4	4	23	23.75	-0.7747	0.8834
chr21	44106546	44106598	53	hypo	5	5	14.35	23.55	-0.7964	0.9267
chr21	44106647	44106647	1	hypo	1	1	12.5	24.5	-0.7488	0.6667
chr21	44112816	44112816	1	hypo	1	1	13.25	19.5	-0.4381	0.5667
chr21	44289886	44289886	1	hypo	1	1	6	20.25	-0.6133	0.7667
chr21	44300562	44300568	7	hypo	3	3	15.67	26.17	-0.9553	0.9222
chr21	44313163	44313163	1	hypo	1	1	3.5	24	-0.6788	0.9333
chr21	44342647	44342647	1	hypo	1	1	20.25	14.25	-0.3738	0.6667
chr21	44345330	44345330	1	hypo	1	1	12.25	12.5	-0.4157	0.7667
chr21	44477848	44477916	69	hypo	5	5	8.75	30	-0.8715	0.9
chr21	44562049	44562049	1	hypo	1	1	10.25	37.5	-0.929	1
chr21	44573687	44573687	1	hypo	1	1	33.75	48	-0.516	0.5
chr21	44592723	44592723	1	hypo	1	1	24	26.5	-0.389	0.6333
chr21	44593012	44593012	1	hypo	1	1	28.25	34.5	-0.3134	0.6
chr21	44630234	44630234	1	hypo	1	1	12.75	13.75	-0.563	1
chr21	44691866	44691866	1	hypo	1	1	11.25	8	-0.75	0.5667
chr21	44694424	44694424	1	hypo	1	1	13.5	10	-0.6385	0.7
chr21	44699598	44699598	1	hypo	1	1	6.25	19.75	-0.3528	0.5
chr21	44699667	44699667	1	hypo	1	1	6.25	19.75	-0.5	0.5
chr21	44725089	44725089	1	hypo	1	1	6.25	17.25	-0.3264	0.5
chr21	44776261	44776261	1	hypo	1	1	21.25	14	-0.6111	0.8
chr21	44783781	44783781	1	hypo	1	1	20	30.75	-0.3656	0.6667
chr21	44799414	44799414	1	hypo	1	1	13.25	9.25	-0.5656	0.7667
chr21	44801095	44801095	1	hypo	1	1	18.75	10.5	-0.3236	0.7333
chr21	44803663	44803663	1	hypo	1	1	15.75	6	-0.433	0.7333
chr21	44803745	44803745	1	hypo	1	1	15.75	6	-0.3412	0.5
chr21	44817433	44817433	1	hypo	1	1	33.5	17.75	-0.4354	0.5
chr21	44820076	44820076	1	hypo	1	1	18	23	-0.4102	0.7
chr21	44829077	44829077	1	hypo	1	1	3.75	30.5	-0.5389	0.9667
chr21	44832440	44832440	1	hypo	1	1	15.75	23	-0.4554	0.7333
chr21	44840137	44840163	27	hypo	4	4	11	25.88	-0.3884	0.675
chr21	44840215	44840215	1	hypo	1	1	10.5	25.5	-0.6188	0.5333
chr21	44840400	44840400	1	hypo	1	1	12.25	21.5	-0.48	0.6667
chr21	44840442	44840442	1	hypo	1	1	12.25	21.5	-0.5029	0.5
chr21	44847608	44847608	1	hypo	1	1	21.5	24.25	-0.7254	0.9667
chr21	44865433	44865433	1	hypo	1	1	23.25	6.25	-0.8167	0.8667
chr21	44865475	44865475	1	hypo	1	1	44.75	16.25	-0.4112	0.5
chr21	44865527	44865551	25	hypo	3	3	24.92	18.33	-0.631	0.8222
chr21	44865625	44865625	1	hypo	1	1	13.75	19.75	-0.7996	0.5333
chr21	44865630	44865637	8	hypo	2	2	29.12	12.62	-0.8415	0.95
chr21	44869945	44869945	1	hypo	1	1	21.25	14.25	-0.3698	0.6333
chr21	44870458	44870458	1	hypo	1	1	24.5	36.75	-0.6339	0.9
chr21	44870515	44870515	1	hypo	1	1	31	28.25	-0.4428	0.7333
chr21	44872245	44872245	1	hypo	1	1	22.75	23.5	-0.3104	0.6667
chr21	44904711	44904711	1	hypo	1	1	10.5	38.25	-0.3137	0.5333
chr21	45077843	45077843	1	hypo	1	1	24.75	29.5	-0.4352	0.6
chr21	45079701	45079701	1	hypo	1	1	7	26.75	-0.6794	0.7667
chr21	45175483	45175483	1	hypo	1	1	13.25	18.5	-0.3367	0.7
chr21	45175649	45175649	1	hypo	1	1	12.25	20.25	-0.3458	0.7
chr21	45209449	45209449	1	hypo	1	1	30	22	-0.616	0.8333
chr21	45229478	45229478	1	hypo	1	1	7.5	10.25	-0.3643	0.8333
chr21	45229603	45229603	1	hypo	1	1	11.5	15.25	-0.5903	0.7
chr21	45229658	45229658	1	hypo	1	1	10.25	12.75	-0.363	0.5
chr21	45230859	45230859	1	hypo	1	1	12.25	5.75	-0.3869	0.5667
chr21	45234937	45234937	1	hypo	1	1	28	8.25	-0.4267	0.8
chr21	45250417	45250417	1	hypo	1	1	10.75	26.5	-0.6394	0.8
chr21	45255247	45255247	1	hypo	1	1	16	32.5	-0.5318	0.5667
chr21	45276860	45276860	1	hypo	1	1	8	36.75	-0.447	0.7333
chr21	45284166	45284166	1	hypo	1	1	7.25	21	-0.4727	0.5333
chr21	45284173	45284173	1	hypo	1	1	7.25	21	-0.7964	0.9667
chr21	45284206	45284207	2	hypo	2	2	7.62	20.38	-0.5562	0.8
chr21	45284768	45284768	1	hypo	1	1	29	17	-0.64	0.6333
chr21	45285146	45285146	1	hypo	1	1	22.5	10.5	-0.4616	0.6
chr21	45293193	45293193	1	hypo	1	1	13.5	33.5	-0.6408	0.5333
chr21	45311252	45311252	1	hypo	1	1	18	3.5	-0.8603	0.5667
chr21	45329547	45329547	1	hypo	1	1	18.25	19.25	-0.5376	0.5333
chr21	45363599	45363599	1	hypo	1	1	23	35.25	-0.5537	0.5333
chr21	45363618	45363633	16	hypo	5	5	11	28.45	-0.652	0.92
chr21	45363635	45363657	23	hypo	3	3	11	28	-0.5495	0.7778
chr21	45387089	45387089	1	hypo	1	1	14	26	-0.4456	0.5333
chr21	45559533	45559533	1	hypo	1	1	28	36.5	-0.5643	0.8
chr21	45559768	45559768	1	hypo	1	1	23.5	10.25	-0.5632	0.7333
chr21	45563186	45563186	1	hypo	1	1	17.25	12.75	-0.47	0.6
chr21	45577833	45577833	1	hypo	1	1	16.75	13.5	-0.6423	0.7
chr21	45586005	45586005	1	hypo	1	1	12.25	4.75	-0.4025	0.6333
chr21	45593801	45593801	1	hypo	1	1	7.25	18.25	-0.3969	0.7333
chr21	45617168	45617168	1	hypo	1	1	24.25	8.75	-0.3341	0.7
chr21	45617213	45617213	1	hypo	1	1	24.25	8.75	-0.3909	0.5333
chr21	45619355	45619355	1	hypo	1	1	19.5	27.5	-0.3426	0.7
chr21	45620021	45620021	1	hypo	1	1	13	16	-0.4664	0.5333
chr21	45622932	45622932	1	hypo	1	1	27.25	29	-0.3954	0.8667
chr21	45626809	45626809	1	hypo	1	1	18.5	23	-0.3407	0.5
chr21	45626861	45626861	1	hypo	1	1	40.25	26	-0.3428	0.6667
chr21	45627147	45627147	1	hypo	1	1	16	20.5	-0.3831	0.7333
chr21	45627164	45627164	1	hypo	1	1	20.75	21.75	-0.6203	0.7333
chr21	45636565	45636565	1	hypo	1	1	15.5	12.75	-0.5918	0.5667
chr21	45636609	45636609	1	hypo	1	1	12.75	14	-0.6958	0.9
chr21	45642102	45642102	1	hypo	1	1	15	13.25	-0.6127	0.7333
chr21	45643053	45643053	1	hypo	1	1	7	22.5	-0.3682	0.7667
chr21	45647849	45647849	1	hypo	1	1	5	16.25	-0.4088	0.7
chr21	45653984	45653984	1	hypo	1	1	24	11.25	-0.5342	0.5333
chr21	45660357	45660357	1	hypo	1	1	16.5	6.25	-0.6295	0.5667
chr21	45674266	45674266	1	hypo	1	1	11.25	15.75	-0.7714	0.5333
chr21	45677119	45677119	1	hypo	1	1	19.5	38	-0.377	0.5333
chr21	45688001	45688001	1	hypo	1	1	6.5	16.75	-0.378	0.5
chr21	45691258	45691258	1	hypo	1	1	9.25	5.5	-0.425	0.5333
chr21	45707235	45707235	1	hypo	1	1	14.5	14.5	-0.6288	0.6667
chr21	45713015	45713015	1	hypo	1	1	14	11.5	-0.653	0.5333
chr21	45714317	45714317	1	hypo	1	1	7.75	11.25	-0.3847	0.6667
chr21	45768848	45768848	1	hypo	1	1	11	9.25	-0.6245	0.6
chr21	45817303	45817303	1	hypo	1	1	13.25	24.75	-0.3807	0.6
chr21	45822742	45822742	1	hypo	1	1	13.25	30	-0.3668	0.7667
chr21	45838404	45838404	1	hypo	1	1	11.25	6.75	-0.3879	0.6333
chr21	45845273	45845273	1	hypo	1	1	7.75	15.25	-0.6614	1
chr21	45845280	45845286	7	hypo	2	2	8	16.75	-0.5294	0.9334
chr21	45855165	45855165	1	hypo	1	1	16.25	20.5	-0.7552	0.9333
chr21	45875380	45875380	1	hypo	1	1	15	15	-0.4201	0.5
chr21	45875443	45875443	1	hypo	1	1	14.25	17.5	-0.5312	0.7
chr21	45875830	45875830	1	hypo	1	1	17.75	11.5	-0.472	0.5667
chr21	45876617	45876617	1	hypo	1	1	27.5	15	-0.3948	0.6333
chr21	45883729	45883730	2	hypo	2	2	10.75	33.62	-0.5696	0.7667
chr21	45887321	45887321	1	hypo	1	1	10.75	9	-0.4696	0.7
chr21	45923348	45923348	1	hypo	1	1	22.25	19.25	-0.4938	0.6
chr21	45924185	45924185	1	hypo	1	1	21.5	15.5	-0.4627	0.5
chr21	45926819	45926819	1	hypo	1	1	14.5	16	-0.567	0.8
chr21	45935284	45935284	1	hypo	1	1	5.75	6.25	-0.5998	0.9
chr21	45942480	45942480	1	hypo	1	1	20.75	22.75	-0.4914	0.6333
chr21	45958667	45958667	1	hypo	1	1	11.25	11.25	-0.4016	0.5667
chr21	45959194	45959194	1	hypo	1	1	22.25	24.25	-0.5394	0.9333
chr21	45969978	45969984	7	hypo	2	2	36.88	17	-0.4004	0.6167
chr21	45975999	45976013	15	hypo	2	2	7.88	22.75	-0.436	0.7333
chr21	45976940	45976940	1	hypo	1	1	10	24.5	-0.4065	0.8
chr21	46012608	46012608	1	hypo	1	1	14.25	13	-0.5378	0.7
chr21	46012654	46012654	1	hypo	1	1	7.75	17.25	-0.6442	0.9
chr21	46059563	46059584	22	hypo	3	3	16.17	18.42	-0.4344	0.7444
chr21	46072142	46072142	1	hypo	1	1	25.75	23.75	-0.4501	0.5
chr21	46072282	46072282	1	hypo	1	1	7.75	25.25	-0.3808	0.5667
chr21	46078729	46078729	1	hypo	1	1	14.25	9.5	-0.6598	0.9667
chr21	46107332	46107332	1	hypo	1	1	29.5	14	-0.372	0.7667
chr21	46108503	46108503	1	hypo	1	1	13	42.25	-0.402	0.7333
chr21	46118719	46118719	1	hypo	1	1	18.5	24.75	-0.328	0.5333
chr21	46118913	46118913	1	hypo	1	1	16.75	8	-0.5354	0.8667
chr21	46123381	46123381	1	hypo	1	1	11.25	18.75	-0.35	0.5667
chr21	46237677	46237677	1	hypo	1	1	20	20.25	-0.5387	0.6333
chr21	46238009	46238009	1	hypo	1	1	11.75	11.25	-0.6877	0.7667
chr21	46264027	46264027	1	hypo	1	1	13.75	11.5	-0.5287	0.5667
chr21	46306562	46306562	1	hypo	1	1	24.75	7.75	-0.9546	0.9
chr21	46306573	46306640	68	hypo	12	12	25	10	-0.7704	0.8861
chr21	46320018	46320018	1	hypo	1	1	9.75	8	-1	0.8333
chr21	46321399	46321399	1	hypo	1	1	23	18.5	-0.5931	0.6
chr21	46351786	46351786	1	hypo	1	1	5.25	19.75	-0.5584	0.6
chr21	46369186	46369186	1	hypo	1	1	5.75	29.75	-0.8368	0.6333
chr21	46369253	46369407	155	hypo	10	10	27.6	12.15	-0.8578	0.9267
chr21	46392244	46392252	9	hypo	2	2	7.25	11.75	-0.842	0.5834
chr21	46396098	46396098	1	hypo	1	1	22	9.25	-0.8611	0.5333
chr21	46397435	46397435	1	hypo	1	1	32.5	7	-0.3268	0.5667
chr21	46402900	46402900	1	hypo	1	1	11.75	28	-0.5227	0.6667
chr21	46403060	46403060	1	hypo	1	1	15	27.75	-0.3655	0.9333
chr21	46404945	46404945	1	hypo	1	1	23.5	14	-0.5302	0.6333
chr21	46406899	46406899	1	hypo	1	1	38.75	31.75	-0.5036	0.8333
chr21	46410080	46410080	1	hypo	1	1	20.5	23	-0.3833	0.5667
chr21	46411986	46411986	1	hypo	1	1	17.5	30.5	-0.4279	0.6
chr21	46419816	46419816	1	hypo	1	1	13.25	10.25	-0.4153	0.6667
chr21	46420582	46420582	1	hypo	1	1	19	10	-0.3133	0.8667
chr21	46423935	46423935	1	hypo	1	1	15.25	6	-0.4101	0.7
chr21	46433416	46433416	1	hypo	1	1	13.25	10.75	-0.4223	0.6333
chr21	46438293	46438294	2	hypo	2	2	20	12.5	-0.7092	0.8834
chr21	46452798	46452798	1	hypo	1	1	19	37	-0.4357	0.8667
chr21	46453392	46453392	1	hypo	1	1	9.25	15.5	-0.3004	0.5333
chr21	46460780	46460780	1	hypo	1	1	14.25	15.75	-0.4737	0.6
chr21	46475263	46475263	1	hypo	1	1	3.75	9.75	-0.7996	0.7333
chr21	46484840	46484841	2	hypo	2	2	15.12	12	-0.4058	0.5167
chr21	46554041	46554041	1	hypo	1	1	10.25	13.75	-0.5688	0.7
chr21	46554057	46554057	1	hypo	1	1	11.25	17.5	-0.7246	0.8667
chr21	46554072	46554072	1	hypo	1	1	11.25	17.5	-0.4265	0.5667
chr21	46554106	46554106	1	hypo	1	1	11.25	17.5	-0.508	0.5667
chr21	46554110	46554110	1	hypo	1	1	11.25	17.5	-0.5661	0.6667
chr21	46554128	46554128	1	hypo	1	1	10.25	13.75	-0.5771	0.6
chr21	46554264	46554264	1	hypo	1	1	54.5	25.75	-0.3572	0.8667
chr21	46554270	46554271	2	hypo	2	2	54.25	23.25	-0.379	0.6
chr21	46554285	46554285	1	hypo	1	1	54.5	25.75	-0.5902	0.6333
chr21	46554300	46554303	4	hypo	2	2	54.25	23.25	-0.4192	0.7834
chr21	46554320	46554321	2	hypo	2	2	54.25	23.25	-0.662	0.7667
chr21	46554336	46554336	1	hypo	1	1	54.5	25.75	-0.7715	0.8667
chr21	46554388	46554388	1	hypo	1	1	54	20.75	-0.4065	0.7333
chr21	46554393	46554393	1	hypo	1	1	54.5	25.75	-0.576	0.9
chr21	46643679	46643679	1	hypo	1	1	23	12.5	-0.363	0.6333
chr21	46650037	46650037	1	hypo	1	1	22.5	21	-0.3167	0.7
chr21	46655197	46655197	1	hypo	1	1	23.75	6.5	-0.6808	0.9
chr21	46668296	46668296	1	hypo	1	1	7.5	15	-0.3955	0.5
chr21	46722034	46722034	1	hypo	1	1	20.25	14.25	-0.4894	0.7333
chr21	46755452	46755452	1	hypo	1	1	14.25	7.75	-0.483	0.5
chr21	46768116	46768116	1	hypo	1	1	8	23	-0.5789	0.5667
chr21	46769022	46769022	1	hypo	1	1	10.75	29.75	-0.345	0.8333
chr21	46772610	46772610	1	hypo	1	1	15	24.25	-0.5856	0.8667
chr21	46777802	46777803	2	hypo	2	2	29.25	34	-0.4397	0.6834
chr21	46777936	46777936	1	hypo	1	1	16.75	7	-0.4799	0.5333
chr21	46778195	46778195	1	hypo	1	1	8	6.75	-0.6002	0.7
chr21	46778417	46778417	1	hypo	1	1	41.75	21.25	-0.8204	1
chr21	46783734	46783734	1	hypo	1	1	10	20.25	-0.6089	0.6
chr21	46799786	46799786	1	hypo	1	1	25.25	8	-0.4806	0.8
chr21	46806707	46806707	1	hypo	1	1	16	22	-0.3127	0.5
chr21	46810198	46810198	1	hypo	1	1	24.5	9.5	-0.3825	0.5667
chr21	46835879	46835879	1	hypo	1	1	12	38.25	-0.3956	0.5
chr21	46838139	46838139	1	hypo	1	1	32.25	29.75	-0.4693	0.5667
chr21	46838495	46838495	1	hypo	1	1	16.75	28	-0.836	1
chr21	46839983	46839983	1	hypo	1	1	9.25	14.25	-0.3787	0.6667
chr21	46845157	46845157	1	hypo	1	1	30.25	14.5	-0.5209	0.5
chr21	46848144	46848144	1	hypo	1	1	17.75	13.75	-0.3922	0.5333
chr21	46870959	46870959	1	hypo	1	1	28.5	33.25	-0.3515	0.5333
chr21	46871066	46871066	1	hypo	1	1	28.5	33.25	-0.5188	0.7333
chr21	46876788	46876788	1	hypo	1	1	9	29.25	-0.4018	0.5333
chr21	46879397	46879397	1	hypo	1	1	6.5	12	-0.3879	0.7
chr21	46888390	46888390	1	hypo	1	1	33	19.75	-0.3779	0.6
chr21	46890077	46890084	8	hypo	2	2	15	23.12	-0.6422	0.6834
chr21	46892160	46892160	1	hypo	1	1	7.75	5.75	-0.8688	0.6667
chr21	46897358	46897358	1	hypo	1	1	13	17.75	-0.434	0.5333
chr21	46909332	46909332	1	hypo	1	1	17.25	41.5	-0.4112	0.5
chr21	46912546	46912546	1	hypo	1	1	26	16	-0.5584	0.5333
chr21	46912582	46912582	1	hypo	1	1	19.75	2	-1	0.9
chr21	46912605	46912605	1	hypo	1	1	19.75	2	-1	0.8333
chr21	46913649	46913660	12	hypo	3	3	11.08	16.08	-0.8293	0.9778
chr21	46913663	46913672	10	hypo	4	4	11.31	16.44	-0.8249	0.95
chr21	46925286	46925363	78	hypo	2	2	19.88	27.5	-0.3962	0.6666
chr21	46929851	46929853	3	hypo	2	2	10	22.75	-0.7017	0.6166
chr21	46929878	46929878	1	hypo	1	1	10	22.75	-0.3159	0.5
chr21	46936039	46936039	1	hypo	1	1	19.25	18	-0.492	0.6
chr21	46945878	46945878	1	hypo	1	1	15	4.25	-0.3985	0.5667
chr21	46951003	46951003	1	hypo	1	1	11	7.75	-1	0.9
chr21	46951017	46951018	2	hypo	2	2	10.62	7.38	-0.9797	0.9834
chr21	46951134	46951134	1	hypo	1	1	13.75	10.5	-0.9583	0.9333
chr21	46951206	46951223	18	hypo	4	4	19.5	15.81	-0.7436	0.9667
chr21	46951238	46951247	10	hypo	3	3	24.5	15.92	-0.8462	0.9111
chr21	46951269	46951282	14	hypo	3	3	23.25	14.58	-0.8549	0.9333
chr21	46951298	46951298	1	hypo	1	1	22	13.25	-0.8428	0.8
chr21	46951311	46951311	1	hypo	1	1	25.75	17.25	-0.9294	0.9667
chr21	46951329	46951329	1	hypo	1	1	25.75	17.25	-0.9271	0.9
chr21	46951344	46951346	3	hypo	3	3	23.25	14.58	-0.8351	0.7889
chr21	46951372	46951372	1	hypo	1	1	22	13.25	-1	0.9667
chr21	46951390	46951415	26	hypo	3	3	24.5	15.92	-0.8716	0.9111
chr21	46951602	46951609	8	hypo	4	4	24.19	20.31	-0.7688	0.7916
chr21	46951611	46951748	138	hypo	18	18	23.6	20.83	-0.7583	0.8963
chr21	46951763	46951763	1	hypo	1	1	22.5	22	-0.7946	0.7
chr21	46951776	46951776	1	hypo	1	1	22.5	22	-0.847	0.5
chr21	46951781	46951810	30	hypo	11	11	22.32	18.23	-0.8793	0.9636
chr21	46951812	46951813	2	hypo	2	2	21.38	14.25	-0.7914	0.65
chr21	46951818	46951854	37	hypo	7	7	21.25	14.5	-0.8364	0.9714
chr21	46951856	46951857	2	hypo	2	2	21.38	14.25	-0.933	0.9834
chr21	46951859	46951943	85	hypo	11	11	21.45	14.09	-0.9135	0.9667
chr21	46951974	46951974	1	hypo	1	1	13.5	16.25	-1	0.9
chr21	46952006	46952006	1	hypo	1	1	13.5	16.25	-0.8684	0.9333
chr21	46952043	46952043	1	hypo	1	1	13.5	16.25	-1	0.8333
chr21	46955498	46955498	1	hypo	1	1	20.75	9.5	-0.4617	0.5333
chr21	46955936	46955948	13	hypo	2	2	9.5	29.5	-0.5451	0.9166
chr21	46956000	46956000	1	hypo	1	1	9.5	29.5	-0.9019	1
chr21	46956415	46956440	26	hypo	2	2	3.25	4.75	-0.8062	1
chr21	46956625	46956657	33	hypo	2	2	10.5	20.25	-0.4195	0.9334
chr21	46956685	46956685	1	hypo	1	1	10.5	20.25	-0.5876	0.9333
chr21	46973158	46973158	1	hypo	1	1	13	5.75	-0.4308	0.7667
chr21	46974473	46974473	1	hypo	1	1	7.75	11	-0.4934	0.8
chr21	46974546	46974546	1	hypo	1	1	7.75	11	-0.5035	0.7333
chr21	46977688	46977688	1	hypo	1	1	38	14.25	-0.3565	0.5667
chr21	46994171	46994186	16	hypo	2	2	18.5	12.25	-0.419	0.8833
chr21	46994201	46994201	1	hypo	1	1	18	13.75	-0.5647	0.8
chr21	46995703	46995703	1	hypo	1	1	18.5	18.5	-0.6222	0.8333
chr21	46999899	46999899	1	hypo	1	1	30.25	20.5	-0.344	0.6333
chr21	47001153	47001153	1	hypo	1	1	13	13	-0.3075	0.7333
chr21	47001411	47001411	1	hypo	1	1	14.75	6.25	-0.5729	0.5333
chr21	47049493	47049493	1	hypo	1	1	23.25	26.5	-0.3139	0.5
chr21	47061141	47061141	1	hypo	1	1	10	15.75	-0.3443	0.6
chr21	47230903	47230903	1	hypo	1	1	8.5	10	-0.5681	0.5667
chr21	47242128	47242128	1	hypo	1	1	46.75	17.75	-0.33	0.5333
chr21	47255321	47255321	1	hypo	1	1	7.75	18.75	-0.3369	0.7
chr21	47285681	47285681	1	hypo	1	1	14	10	-0.3748	0.6333
chr21	47290402	47290402	1	hypo	1	1	33.75	14.5	-0.4126	0.6667
chr21	47326553	47326553	1	hypo	1	1	17.75	23.75	-0.3981	0.5333
chr21	47328584	47328584	1	hypo	1	1	26.75	11.25	-0.3563	0.5333
chr21	47334244	47334250	7	hypo	4	4	17.5	30.31	-0.7243	0.9167
chr21	47334282	47334282	1	hypo	1	1	13	27.25	-0.8652	0.9667
chr21	47334372	47334419	48	hypo	4	4	13	27.25	-0.7117	0.9167
chr21	47344064	47344064	1	hypo	1	1	2.5	18.5	-0.7355	0.5
chr21	47348082	47348082	1	hypo	1	1	11.75	21.5	-0.3098	0.8667
chr21	47350024	47350024	1	hypo	1	1	12.5	15.75	-0.5615	0.7333
chr21	47361590	47361590	1	hypo	1	1	16.75	5.25	-0.5298	0.5333
chr21	47403347	47403347	1	hypo	1	1	5.75	21.5	-0.7041	0.9667
chr21	47409095	47409095	1	hypo	1	1	17.75	8.5	-0.3818	0.6
chr21	47409102	47409103	2	hypo	2	2	19.75	8.62	-0.5908	0.8666
chr21	47409124	47409124	1	hypo	1	1	21.75	8.75	-0.5696	0.8
chr21	47409238	47409238	1	hypo	1	1	20.5	19.75	-0.3861	0.7333
chr21	47409812	47409820	9	hypo	3	3	24.5	9.5	-0.4469	0.9556
chr21	47412250	47412250	1	hypo	1	1	26.5	18.5	-0.3219	0.6333
chr21	47413422	47413422	1	hypo	1	1	37.25	24.25	-0.3818	0.5667
chr21	47430757	47430757	1	hypo	1	1	13.5	20.25	-0.6562	1
chr21	47430779	47430779	1	hypo	1	1	13.5	20.25	-0.4634	0.5667
chr21	47430840	47430840	1	hypo	1	1	13.5	20.25	-0.4558	0.6333
chr21	47457576	47457580	5	hypo	3	3	18	13.67	-0.619	0.9444
chr21	47457602	47457605	4	hypo	3	3	18.5	13.08	-0.8545	0.9778
chr21	47503438	47503438	1	hypo	1	1	8.25	14.25	-0.5761	0.6667
chr21	47513222	47513222	1	hypo	1	1	13.5	26	-0.673	0.7667
chr21	47532120	47532120	1	hypo	1	1	9.25	11.5	-0.8677	0.8667
chr21	47532162	47532162	1	hypo	1	1	9.25	11.5	-0.6726	0.5
chr21	47532180	47532188	9	hypo	5	5	9.55	12.25	-0.8022	0.8667
chr21	47532213	47532246	34	hypo	5	5	20.45	21.8	-0.7349	0.9133
chr21	47532276	47532276	1	hypo	1	1	24.25	34.5	-0.4558	0.6333
chr21	47532655	47532655	1	hypo	1	1	4.5	4.75	-1	0.7333
chr21	47532732	47532732	1	hypo	1	1	4.5	4.75	-0.8229	0.6667
chr21	47540884	47540884	1	hypo	1	1	5.25	18	-0.3546	0.5333
chr21	47545224	47545224	1	hypo	1	1	18.25	26.25	-0.5387	0.6333
chr21	47545275	47545275	1	hypo	1	1	11.75	21.5	-0.3605	0.7667
chr21	47545347	47545347	1	hypo	1	1	12.25	22.5	-0.4068	0.6333
chr21	47549314	47549314	1	hypo	1	1	16	26	-0.6549	0.5
chr21	47550389	47550389	1	hypo	1	1	16	17	-0.4443	0.6
chr21	47551964	47551964	1	hypo	1	1	40	15.5	-0.4356	0.5667
chr21	47558388	47558388	1	hypo	1	1	16	12.5	-0.5963	0.5667
chr21	47565607	47565607	1	hypo	1	1	15.75	11.5	-0.7917	0.8667
chr21	47565622	47565634	13	hypo	6	6	17.62	11.75	-0.7427	0.7444
chr21	47565683	47565683	1	hypo	1	1	19.5	12	-0.6273	0.5
chr21	47565703	47565726	24	hypo	5	5	18	11.8	-0.7038	0.84
chr21	47565743	47565747	5	hypo	3	3	17	11.67	-0.7433	0.8778
chr21	47565757	47565757	1	hypo	1	1	19.5	12	-0.9706	0.9333
chr21	47565767	47565767	1	hypo	1	1	25.25	15.75	-0.8698	0.7
chr21	47565781	47565800	20	hypo	3	3	26.58	14.58	-0.655	0.7555
chr21	47565807	47565807	1	hypo	1	1	29.25	12.25	-0.9231	0.9333
chr21	47565842	47565845	4	hypo	4	4	27.25	14	-0.7035	0.875
chr21	47565876	47565877	2	hypo	2	2	27.25	14	-0.7949	0.9
chr21	47565885	47565885	1	hypo	1	1	29.25	12.25	-0.9042	0.9333
chr21	47565923	47565959	37	hypo	5	5	25.25	23.5	-0.7482	0.9667
chr21	47566043	47566051	9	hypo	4	4	11.88	14.88	-0.7118	0.8417
chr21	47566059	47566089	31	hypo	4	4	16.19	18.5	-0.5467	0.7166
chr21	47566113	47566113	1	hypo	1	1	17.25	14.5	-0.7425	0.5667
chr21	47566119	47566119	1	hypo	1	1	18	17.75	-0.7256	0.9333
chr21	47566128	47566128	1	hypo	1	1	18	17.75	-0.7724	0.9667
chr21	47570924	47570924	1	hypo	1	1	16.75	15	-0.681	0.5333
chr21	47571234	47571234	1	hypo	1	1	9.75	24	-0.453	0.8
chr21	47579945	47579945	1	hypo	1	1	21	32	-0.5873	0.9333
chr21	47581884	47581884	1	hypo	1	1	14.25	15	-0.4385	0.5667
chr21	47643795	47643795	1	hypo	1	1	16	16.25	-0.3286	0.5
chr21	47700920	47700920	1	hypo	1	1	10	16.75	-0.6354	0.6333
chr21	47705781	47705790	10	hypo	2	2	24.75	15.38	-0.5212	0.9834
chr21	47713631	47713631	1	hypo	1	1	32.25	14	-0.5996	0.5667
chr21	47716551	47716551	1	hypo	1	1	12.75	11	-0.7495	0.7667
chr21	47766277	47766359	83	hypo	2	2	43.62	24	-0.4655	0.5167
chr21	47793890	47793890	1	hypo	1	1	21.25	14	-0.5786	0.5667
chr21	47809956	47809977	22	hypo	2	2	13	20	-0.9928	0.95
chr21	47833196	47833197	2	hypo	2	2	10.12	18.25	-0.7873	0.8334
chr21	47833227	47833227	1	hypo	1	1	10.25	20.25	-0.7704	0.6
chr21	47918596	47918596	1	hypo	1	1	21.25	39.25	-0.3874	0.7333
chr21	48081666	48081666	1	hypo	1	1	16.75	10.75	-0.705	0.8333
chr21	48081724	48081736	13	hypo	3	3	16.75	10.75	-0.6472	0.8778
chr21	48081763	48081784	22	hypo	3	3	16.75	10.75	-0.5461	0.8111
