chr	start	end	len	DM	num.CG	total.CG	meanCov.test	meanCov.control	meanDiff
chr21	9717491	9717491	1	hyper	1	1	16.75	21.5	0.5192
chr21	9826256	9826256	1	hyper	1	1	8.75	18.5	0.7095
chr21	9826636	9826636	1	hyper	1	1	21.5	9.5	0.6623
chr21	9826887	9826887	1	hyper	1	1	18.5	10.75	0.6974
chr21	9826931	9826931	1	hyper	1	1	18.5	10.75	0.4819
chr21	9869815	9869815	1	hyper	1	1	11.5	5	0.6047
chr21	9880113	9880113	1	hyper	1	1	19.75	29.25	0.4901
chr21	10597281	10597281	1	hyper	1	1	19.75	6.25	0.3336
chr21	10891825	10891825	1	hyper	1	1	20	11.5	0.714
chr21	10991005	10991005	1	hyper	1	1	41.75	34.25	0.5253
chr21	11092294	11092294	1	hyper	1	1	16.75	13.25	0.5557
chr21	11116690	11116690	1	hyper	1	1	21	13.5	0.3193
chr21	14800847	14800847	1	hyper	1	1	6	24	0.4018
chr21	14975960	14975960	1	hyper	1	1	2.5	17.5	0.3388
chr21	15077646	15077646	1	hyper	1	1	20	10	0.4243
chr21	15353428	15353428	1	hyper	1	1	27	19.75	0.5523
chr21	15353739	15353739	1	hyper	1	1	15.75	18.5	0.644
chr21	15588532	15588589	58	hyper	5	5	18.5	6.5	0.4383
chr21	15588628	15588646	19	hyper	4	4	18.5	6.5	0.4992
chr21	15763526	15763526	1	hyper	1	1	7.5	17	0.4052
chr21	16436688	16436696	9	hyper	3	3	16.75	19.5	0.5738
chr21	16436714	16436719	6	hyper	2	2	14.12	5	0.4344
chr21	16436732	16436732	1	hyper	1	1	15.75	3.5	0.515
chr21	16436747	16436747	1	hyper	1	1	12.5	6.5	0.7083
chr21	16436773	16436791	19	hyper	3	4	14.75	24	0.4988
chr21	16436822	16436831	10	hyper	3	3	14.75	24	0.4879
chr21	16436924	16436944	21	hyper	5	5	2.25	11.75	0.6872
chr21	16436958	16436960	3	hyper	2	2	2.25	11.75	0.698
chr21	16436994	16436994	1	hyper	1	1	2.25	11.75	0.75
chr21	16437025	16437078	54	hyper	15	17	30.57	26.63	0.4802
chr21	16437098	16437098	1	hyper	1	1	19.25	19.5	0.539
chr21	16437108	16437113	6	hyper	3	3	21.08	20.83	0.5689
chr21	16437120	16437132	13	hyper	5	5	20.35	20.3	0.539
chr21	16437143	16437143	1	hyper	1	1	22	21.5	0.4716
chr21	16437154	16437168	15	hyper	2	3	8.67	22.08	0.3668
chr21	16437177	16437183	7	hyper	3	3	9.83	22.17	0.5765
chr21	16437187	16437192	6	hyper	3	3	8.67	22.08	0.5105
chr21	16437200	16437217	18	hyper	8	8	9.25	22.12	0.5544
chr21	16437223	16437241	19	hyper	8	10	9.25	22.12	0.5687
chr21	16437740	16437768	29	hyper	5	5	11.45	7.2	0.5742
chr21	17102020	17102020	1	hyper	1	1	10	15.75	0.3556
chr21	17246032	17246032	1	hyper	1	1	13	5.25	0.3467
chr21	17434242	17434242	1	hyper	1	1	9	16	0.3137
chr21	18102579	18102579	1	hyper	1	1	14.5	7.25	0.763
chr21	18137059	18137059	1	hyper	1	1	15	9.25	0.3091
chr21	18542162	18542162	1	hyper	1	1	19.75	13.25	0.377
chr21	18665231	18665231	1	hyper	1	1	4.5	22.25	0.3124
chr21	18748652	18748652	1	hyper	1	1	5.75	20.5	0.4068
chr21	18885536	18885537	2	hyper	2	2	9.38	15.5	0.7046
chr21	18885548	18885571	24	hyper	4	4	9.38	15.5	0.4839
chr21	18885624	18885644	21	hyper	3	3	9.33	15.58	0.5968
chr21	18885726	18885726	1	hyper	1	1	15	27.25	0.5058
chr21	18885730	18885742	13	hyper	2	2	14.12	27.25	0.5055
chr21	18885753	18885756	4	hyper	2	2	14.12	27.25	0.7352
chr21	18885761	18885773	13	hyper	6	6	14.12	27.25	0.624
chr21	18885872	18885898	27	hyper	3	3	11.75	14.75	0.6068
chr21	18885921	18885921	1	hyper	1	1	11.75	14.75	0.5073
chr21	18984625	18984701	77	hyper	14	15	10.73	23.85	0.6675
chr21	18984719	18984830	112	hyper	30	33	8.58	11.58	0.6473
chr21	18984842	18984904	63	hyper	8	8	11.53	12.81	0.6014
chr21	18985075	18985129	55	hyper	7	7	25.75	16.5	0.64
chr21	18985144	18985181	38	hyper	11	11	5.25	9.75	0.6907
chr21	18985204	18985216	13	hyper	3	4	5.25	9.75	0.7216
chr21	18985240	18985260	21	hyper	5	5	5.25	9.75	0.7089
chr21	18985297	18985309	13	hyper	9	9	5.97	26.64	0.6607
chr21	18985315	18985329	15	hyper	6	6	5.88	26.38	0.765
chr21	19191224	19191224	1	hyper	1	1	15.25	33.25	0.3222
chr21	19958813	19958813	1	hyper	1	1	20.25	8	0.4128
chr21	20124119	20124119	1	hyper	1	1	25	4.75	0.8209
chr21	20865955	20865955	1	hyper	1	1	25	4	0.6728
chr21	21519281	21519281	1	hyper	1	1	20.25	31.75	0.6337
chr21	21890865	21890866	2	hyper	2	2	8.62	10.62	0.5676
chr21	22369506	22369506	1	hyper	1	1	23	10.75	0.49
chr21	22370646	22370646	1	hyper	1	1	10.25	21	0.368
chr21	22370746	22370746	1	hyper	1	1	10.25	23.25	0.4496
chr21	23360316	23360316	1	hyper	1	1	13.75	26.5	0.4446
chr21	24974556	24974556	1	hyper	1	1	26.25	5.5	0.3681
chr21	25445064	25445064	1	hyper	1	1	6	15	0.3444
chr21	26140033	26140033	1	hyper	1	1	23.25	19.75	0.4847
chr21	26426255	26426255	1	hyper	1	1	40.75	22.5	0.4585
chr21	26859151	26859151	1	hyper	1	1	20.75	2.5	0.3003
chr21	26979809	26979809	1	hyper	1	1	17.75	6	0.7
chr21	26979856	26979856	1	hyper	1	1	10.5	4.5	0.3797
chr21	26980003	26980041	39	hyper	2	3	12.5	19.75	0.4954
chr21	26980126	26980126	1	hyper	1	1	12.5	19.75	0.5243
chr21	27071816	27071816	1	hyper	1	1	23.5	9.75	0.4682
chr21	27945331	27945331	1	hyper	1	1	11	13.25	0.4358
chr21	27945437	27945437	1	hyper	1	1	17.25	20	0.6821
chr21	27945451	27945451	1	hyper	1	1	17.25	20	0.4973
chr21	27945454	27945469	16	hyper	4	5	15.45	20.15	0.546
chr21	27945476	27945487	12	hyper	4	4	15.75	20.12	0.5067
chr21	27945532	27945532	1	hyper	1	1	14.25	20.25	0.5648
chr21	27945543	27945543	1	hyper	1	1	14.25	20.25	0.3419
chr21	30365204	30365204	1	hyper	1	1	13.25	30.75	0.6092
chr21	30365247	30365319	73	hyper	6	6	6.25	20	0.5428
chr21	30391448	30391479	32	hyper	2	3	25.5	9.5	0.4507
chr21	30391510	30391510	1	hyper	1	1	25.5	9.5	0.7787
chr21	30391631	30391714	84	hyper	7	9	13.89	14.17	0.5143
chr21	30445796	30445799	4	hyper	2	2	12	40.38	0.5734
chr21	30466050	30466050	1	hyper	1	1	25.5	17.25	0.43
chr21	31311538	31311668	131	hyper	15	18	13.43	12.5	0.5071
chr21	31311675	31311675	1	hyper	1	1	12.75	12.75	0.3696
chr21	31311717	31311723	7	hyper	4	4	13	12.75	0.549
chr21	32206684	32206684	1	hyper	1	1	16.5	5.5	0.4665
chr21	32716112	32716112	1	hyper	1	1	21.25	15.25	0.4833
chr21	32716168	32716181	14	hyper	3	3	22.67	14.92	0.5444
chr21	32716217	32716239	23	hyper	5	5	25	16.85	0.4449
chr21	32716252	32716252	1	hyper	1	1	6	11	0.484
chr21	32716345	32716345	1	hyper	1	1	23.75	17	0.6642
chr21	32716415	32716415	1	hyper	1	1	21	14.75	0.4514
chr21	32763755	32763755	1	hyper	1	1	9.25	23.25	0.5167
chr21	32834128	32834128	1	hyper	1	1	8.5	11	0.7256
chr21	32930004	32930004	1	hyper	1	1	27.25	18.5	0.385
chr21	32931060	32931060	1	hyper	1	1	7.25	26.25	0.6487
chr21	33031748	33031794	47	hyper	8	9	21.53	23.5	0.6271
chr21	33032354	33032425	72	hyper	26	27	11.63	29.31	0.4754
chr21	33032540	33032540	1	hyper	1	1	6.25	37.5	0.4773
chr21	33032615	33032615	1	hyper	1	1	10	21.5	0.5358
chr21	33103785	33103785	1	hyper	1	1	9.25	5.75	0.4062
chr21	33172848	33172848	1	hyper	1	1	31	25.25	0.4211
chr21	33244929	33244937	9	hyper	3	3	15.33	17.17	0.3791
chr21	33244984	33245020	37	hyper	2	2	17.25	28.12	0.481
chr21	33245026	33245076	51	hyper	9	9	17.94	43.53	0.5797
chr21	33245091	33245111	21	hyper	2	2	11.5	17.75	0.4286
chr21	33245197	33245197	1	hyper	1	1	24.25	49.25	0.5459
chr21	33245210	33245211	2	hyper	2	2	21.62	47.88	0.3814
chr21	33245392	33245392	1	hyper	1	1	9.5	30	0.4186
chr21	33245461	33245524	64	hyper	15	16	32.28	43.78	0.5156
chr21	33245533	33245533	1	hyper	1	1	34.5	44	0.5242
chr21	33245557	33245581	25	hyper	11	12	33.75	44.75	0.4947
chr21	33245642	33245700	59	hyper	9	9	29.75	20.75	0.6594
chr21	33245896	33245898	3	hyper	2	2	23.25	23.38	0.3384
chr21	33245909	33245909	1	hyper	1	1	28	59.75	0.6536
chr21	33245943	33245943	1	hyper	1	1	4.75	37	0.3598
chr21	33245949	33245949	1	hyper	1	1	4.75	37	0.4177
chr21	33246059	33246071	13	hyper	4	5	12.85	38.5	0.5244
chr21	33246113	33246114	2	hyper	2	2	12.38	38	0.5558
chr21	33246158	33246194	37	hyper	4	5	12.85	38.5	0.5607
chr21	33246217	33246218	2	hyper	2	2	12.38	38	0.6261
chr21	33246267	33246312	46	hyper	5	6	6.25	35.5	0.5405
chr21	33506505	33506505	1	hyper	1	1	15.25	26.75	0.425
chr21	33696887	33696887	1	hyper	1	1	20	22.75	0.487
chr21	33719711	33719711	1	hyper	1	1	17.25	7	0.4976
chr21	33765529	33765570	42	hyper	6	6	5.75	24.5	0.5595
chr21	33765597	33765622	26	hyper	3	3	13.42	16.33	0.6036
chr21	33765637	33765687	51	hyper	6	6	13.33	34.96	0.5063
chr21	33964784	33964784	1	hyper	1	1	9.75	32.25	0.5352
chr21	33984388	33984403	16	hyper	2	2	20	19.75	0.5294
chr21	34099741	34099742	2	hyper	2	2	29.25	19	0.5264
chr21	34099813	34099813	1	hyper	1	1	15.5	4.25	0.4554
chr21	34099944	34099944	1	hyper	1	1	8.25	6.75	0.756
chr21	34100077	34100106	30	hyper	3	4	18.62	9.75	0.4647
chr21	34100223	34100235	13	hyper	2	2	6.75	12	0.509
chr21	34100298	34100298	1	hyper	1	1	6.75	30	0.5721
chr21	34100379	34100379	1	hyper	1	1	32.25	19.75	0.4617
chr21	34100385	34100385	1	hyper	1	1	28.25	19.25	0.4549
chr21	34100400	34100400	1	hyper	1	1	32.25	19.75	0.5133
chr21	34100432	34100432	1	hyper	1	1	28.25	19.25	0.4669
chr21	34100522	34100522	1	hyper	1	1	8	16.25	0.5666
chr21	34395485	34395549	65	hyper	4	4	17.12	10.69	0.7309
chr21	34395551	34395552	2	hyper	2	2	20.12	7.25	0.6878
chr21	34395566	34395581	16	hyper	2	2	20.12	7.25	0.6875
chr21	34395591	34395600	10	hyper	2	2	21	9.25	0.565
chr21	34395700	34395792	93	hyper	5	5	2.25	20.25	0.5983
chr21	34397548	34397549	2	hyper	2	2	26.62	23.75	0.8272
chr21	34397552	34397641	90	hyper	11	12	26.54	23.67	0.6516
chr21	34397654	34397655	2	hyper	2	2	26.62	23.75	0.626
chr21	34397689	34397690	2	hyper	2	2	26.62	23.75	0.558
chr21	34398006	34398031	26	hyper	4	4	8.5	22.25	0.6773
chr21	34398111	34398194	84	hyper	19	19	34.12	15.74	0.6601
chr21	34398199	34398209	11	hyper	3	3	34.17	14.92	0.5829
chr21	34398226	34398226	1	hyper	1	1	23.25	15.25	0.5148
chr21	34398243	34398264	22	hyper	5	5	25.8	18.1	0.6447
chr21	34398620	34398808	189	hyper	15	16	21.72	21.77	0.6744
chr21	34398829	34398836	8	hyper	3	3	22.08	24.5	0.7095
chr21	34398849	34398969	121	hyper	12	12	22.38	24.5	0.66
chr21	34399243	34399301	59	hyper	6	6	35	12	0.6768
chr21	34399326	34399337	12	hyper	6	6	6.38	11.38	0.62
chr21	34399341	34399422	82	hyper	14	14	6.38	11.38	0.7075
chr21	34399430	34399482	53	hyper	11	11	6.36	11.41	0.7431
chr21	34399784	34399853	70	hyper	20	20	20.62	11.6	0.6339
chr21	34399863	34399878	16	hyper	7	8	20.5	11.5	0.6569
chr21	34399891	34399891	1	hyper	1	1	19.25	10.5	0.3086
chr21	34400118	34400152	35	hyper	10	10	6.25	19.75	0.6876
chr21	34442354	34442354	1	hyper	1	1	12.25	9	0.7911
chr21	34442377	34442382	6	hyper	2	2	12.25	9	0.3696
chr21	34442431	34442431	1	hyper	1	1	9.25	17.75	0.4226
chr21	34442492	34442492	1	hyper	1	1	9.25	17.75	0.5684
chr21	34442524	34442530	7	hyper	2	3	8.25	21.08	0.5166
chr21	34442544	34442579	36	hyper	8	8	8.38	21.62	0.5715
chr21	34442839	34442839	1	hyper	1	1	9.5	14	0.4708
chr21	34442895	34442895	1	hyper	1	1	9.5	14	0.6708
chr21	34442939	34442939	1	hyper	1	1	9.5	14	0.9042
chr21	34442980	34443011	32	hyper	3	3	10.83	24.17	0.5144
chr21	34443067	34443067	1	hyper	1	1	11.5	29.25	0.3901
chr21	34443087	34443087	1	hyper	1	1	11.5	29.25	0.4602
chr21	34443296	34443310	15	hyper	2	2	16.25	19.75	0.5144
chr21	34443803	34443803	1	hyper	1	1	15.5	16.5	0.524
chr21	34443867	34443867	1	hyper	1	1	15.5	16.5	0.5
chr21	34444379	34444379	1	hyper	1	1	7.25	5.5	0.4735
chr21	34444392	34444392	1	hyper	1	1	11	4.75	0.662
chr21	34444406	34444445	40	hyper	9	12	9.12	5.12	0.4936
chr21	34513106	34513106	1	hyper	1	1	11	16	0.657
chr21	34728349	34728349	1	hyper	1	1	13.75	15.75	0.5898
chr21	34735595	34735595	1	hyper	1	1	16.75	11.5	0.6595
chr21	34753125	34753125	1	hyper	1	1	12.25	20.75	0.5392
chr21	34775481	34775506	26	hyper	9	10	7.5	5.38	0.5921
chr21	34775533	34775533	1	hyper	1	1	7.75	6	0.5739
chr21	34775618	34775683	66	hyper	24	26	16.75	19.12	0.7097
chr21	34775687	34775691	5	hyper	2	2	16.75	19.12	0.5452
chr21	34775706	34775814	109	hyper	18	19	16.24	10.68	0.6932
chr21	34775853	34775853	1	hyper	1	1	9.75	11	0.8486
chr21	34775858	34775897	40	hyper	8	8	11.12	10.25	0.667
chr21	34775901	34775918	18	hyper	11	11	11.25	10.18	0.6549
chr21	34775943	34775965	23	hyper	11	13	15.21	20.37	0.7071
chr21	34776301	34776340	40	hyper	7	7	24.5	14.5	0.7408
chr21	34776345	34776358	14	hyper	4	4	25.69	16.88	0.6183
chr21	34776373	34776381	9	hyper	2	2	13.88	9.5	0.5482
chr21	34863971	34864010	40	hyper	8	8	19.59	27.47	0.6888
chr21	34864035	34864190	156	hyper	22	22	14.86	5.27	0.7982
chr21	34960454	34960628	175	hyper	28	28	7.88	12.38	0.8638
chr21	34960662	34960852	191	hyper	32	32	23.12	15.23	0.8139
chr21	34960869	34960903	35	hyper	6	6	8.54	6.04	0.8255
chr21	34960936	34960957	22	hyper	9	9	17.47	26.11	0.8792
chr21	34960972	34960972	1	hyper	1	1	19	28.75	0.9236
chr21	34961008	34961018	11	hyper	4	4	9.62	6.12	0.864
chr21	34961023	34961067	45	hyper	17	18	9.62	6.12	0.8297
chr21	35015261	35015355	95	hyper	17	17	24.75	8.25	0.746
chr21	35015459	35015580	122	hyper	20	21	9	14.48	0.7491
chr21	35015583	35015765	183	hyper	35	35	19.65	15.66	0.7148
chr21	35062145	35062145	1	hyper	1	1	26	16.5	0.5399
chr21	35240376	35240376	1	hyper	1	1	12.75	4	0.3507
chr21	35445610	35445612	3	hyper	2	2	12.5	11.5	0.3992
chr21	35445844	35445845	2	hyper	2	2	18.62	23.62	0.4315
chr21	35747595	35747955	361	hyper	33	40	20.91	13.6	0.5452
chr21	35784138	35784138	1	hyper	1	1	11	8.25	0.4376
chr21	35831903	35831903	1	hyper	1	1	15.75	10.25	0.519
chr21	35893550	35893550	1	hyper	1	1	18	6.75	0.6131
chr21	35987060	35987060	1	hyper	1	1	11	30	0.618
chr21	35987103	35987103	1	hyper	1	1	11	30	0.586
chr21	35987185	35987185	1	hyper	1	1	11	30	0.8142
chr21	35987245	35987245	1	hyper	1	1	21	16.25	0.6054
chr21	35987397	35987401	5	hyper	3	3	31.67	15.5	0.3992
chr21	35987429	35987429	1	hyper	1	1	31.25	15.25	0.7092
chr21	35987435	35987441	7	hyper	2	2	31.88	15.62	0.4616
chr21	35987506	35987507	2	hyper	2	2	31.88	15.62	0.5488
chr21	35987709	35987709	1	hyper	1	1	9.25	18.5	0.3913
chr21	35989325	35989325	1	hyper	1	1	9.5	16	0.5777
chr21	36042285	36042290	6	hyper	2	2	7.75	6.62	0.4988
chr21	36140638	36140638	1	hyper	1	1	7.25	13.5	0.6143
chr21	36260949	36260949	1	hyper	1	1	9	14.75	0.6113
chr21	36260952	36260957	6	hyper	3	3	9.67	12.75	0.4684
chr21	36261147	36261147	1	hyper	1	1	30.25	9.5	0.6003
chr21	36261169	36261169	1	hyper	1	1	33.25	10.5	0.5246
chr21	36261260	36261260	1	hyper	1	1	15	36	0.6806
chr21	36261422	36261445	24	hyper	5	7	27.57	17.64	0.4522
chr21	36261506	36261506	1	hyper	1	1	14.25	17	0.3813
chr21	36261518	36261525	8	hyper	2	2	14.12	17.25	0.4971
chr21	36261536	36261536	1	hyper	1	1	14.25	17	0.3302
chr21	36261626	36261626	1	hyper	1	1	23.25	11.5	0.3527
chr21	36261633	36261640	8	hyper	4	5	22.8	10.3	0.4172
chr21	36261703	36261708	6	hyper	2	3	13.75	9.92	0.5272
chr21	36261715	36261715	1	hyper	1	1	12.5	12.75	0.5654
chr21	36261746	36261746	1	hyper	1	1	12.5	12.75	0.5744
chr21	36262101	36262101	1	hyper	1	1	28	7	0.5866
chr21	36262480	36262480	1	hyper	1	1	12.25	22.5	0.4045
chr21	36262488	36262488	1	hyper	1	1	9.25	21.25	0.4416
chr21	36262535	36262535	1	hyper	1	1	9.25	21.25	0.45
chr21	36262630	36262630	1	hyper	1	1	22.5	22.5	0.3267
chr21	36262738	36262738	1	hyper	1	1	8.75	10.5	0.5789
chr21	36262769	36262769	1	hyper	1	1	34.25	8.25	0.4953
chr21	37442245	37442350	106	hyper	24	26	24.6	12.84	0.6465
chr21	37442360	37442385	26	hyper	2	2	24.88	22.12	0.6962
chr21	37442405	37442405	1	hyper	1	1	13.5	14.25	0.8598
chr21	37442436	37442482	47	hyper	8	9	22.86	12.14	0.7043
chr21	37485649	37485649	1	hyper	1	1	20.5	22.75	0.4194
chr21	37507309	37507309	1	hyper	1	1	17	24.25	0.588
chr21	37507425	37507427	3	hyper	3	3	7.33	12.25	0.5239
chr21	37529627	37529627	1	hyper	1	1	31.5	11.5	0.5798
chr21	37611262	37611262	1	hyper	1	1	19.5	16.5	0.3981
chr21	37645009	37645009	1	hyper	1	1	17	9.75	0.462
chr21	37692668	37692720	53	hyper	17	19	16.36	19.74	0.5481
chr21	37692728	37692757	30	hyper	4	5	16.65	17.05	0.4953
chr21	37757501	37757501	1	hyper	1	1	15.5	19.5	0.3763
chr21	37904526	37904526	1	hyper	1	1	14.5	22.25	0.3233
chr21	37914617	37914617	1	hyper	1	1	7.25	26.75	0.3914
chr21	38068491	38068491	1	hyper	1	1	9.5	13.25	0.7048
chr21	38070134	38070134	1	hyper	1	1	8.25	9.75	0.4379
chr21	38077511	38077511	1	hyper	1	1	11.75	11	0.3611
chr21	38081493	38081493	1	hyper	1	1	20.25	22.5	0.6386
chr21	38119924	38119925	2	hyper	2	2	7.62	8.88	0.569
chr21	38119946	38119947	2	hyper	2	2	7.62	8.88	0.5187
chr21	38120028	38120038	11	hyper	3	3	8.33	8.92	0.5947
chr21	38120051	38120051	1	hyper	1	1	9.75	9	0.5433
chr21	38120095	38120096	2	hyper	2	2	28.88	22	0.3732
chr21	38120123	38120134	12	hyper	4	5	28.6	22.7	0.3852
chr21	38120156	38120156	1	hyper	1	1	30.25	18.5	0.4586
chr21	38120168	38120168	1	hyper	1	1	16.25	6	0.6018
chr21	38120466	38120467	2	hyper	2	2	4.62	13.88	0.4824
chr21	38120516	38120516	1	hyper	1	1	4	14.75	0.3667
chr21	38143280	38143280	1	hyper	1	1	7.25	18	0.4583
chr21	38254378	38254378	1	hyper	1	1	29	9.75	0.4852
chr21	38338496	38338496	1	hyper	1	1	7.5	8.75	0.5747
chr21	38378466	38378466	1	hyper	1	1	22	15	0.4416
chr21	38380463	38380463	1	hyper	1	1	19.75	19	0.3306
chr21	38639816	38639816	1	hyper	1	1	9.5	5.75	0.6405
chr21	38639881	38639881	1	hyper	1	1	9.25	8.25	0.3436
chr21	38738667	38738667	1	hyper	1	1	25.75	15.25	0.6532
chr21	39079607	39079607	1	hyper	1	1	20.75	9	0.4528
chr21	39403179	39403179	1	hyper	1	1	20.5	4.25	0.3154
chr21	39814050	39814050	1	hyper	1	1	15.75	9	0.5413
chr21	40032655	40032655	1	hyper	1	1	12.5	12.75	0.3741
chr21	40033435	40033435	1	hyper	1	1	13.75	17.25	0.4805
chr21	40177151	40177466	316	hyper	45	46	13.26	18.49	0.8189
chr21	40177481	40177514	34	hyper	4	4	18.56	8.25	0.8837
chr21	40177875	40177887	13	hyper	5	5	12.65	10.95	0.8997
chr21	40177907	40177907	1	hyper	1	1	13.25	11.25	0.875
chr21	40177972	40178068	97	hyper	28	29	12.22	15.94	0.844
chr21	40178073	40178073	1	hyper	1	1	16	11.75	1
chr21	40178116	40178478	363	hyper	63	64	15.73	19.18	0.8626
chr21	40178535	40178609	75	hyper	10	10	6	12.75	0.8684
chr21	40488919	40488919	1	hyper	1	1	19.25	21.25	0.3297
chr21	40529411	40529411	1	hyper	1	1	7.5	22.25	0.4213
chr21	40555167	40555277	111	hyper	21	21	19.23	10.89	0.8212
chr21	40555294	40555327	34	hyper	10	10	18.1	10.5	0.7693
chr21	40555724	40555890	167	hyper	32	32	21.62	23.38	0.7926
chr21	40684850	40684850	1	hyper	1	1	18.75	11.75	0.3474
chr21	40720588	40720601	14	hyper	7	8	16.5	12.62	0.5077
chr21	40720611	40720612	2	hyper	2	2	16.5	12.62	0.464
chr21	40720617	40720647	31	hyper	5	6	16.96	16.17	0.3959
chr21	40720668	40720706	39	hyper	8	10	7	9.75	0.5163
chr21	40720786	40720786	1	hyper	1	1	8	8.5	0.5424
chr21	40720790	40720816	27	hyper	7	9	8.56	9.33	0.5714
chr21	40720823	40720844	22	hyper	2	2	8.5	9.25	0.5044
chr21	40720850	40720863	14	hyper	6	6	8.5	9.25	0.5415
chr21	40720869	40720905	37	hyper	3	4	19.25	15.12	0.4818
chr21	40720910	40720968	59	hyper	18	18	22.38	16.88	0.5746
chr21	40720973	40721128	156	hyper	10	11	17.61	19.34	0.5683
chr21	40721208	40721209	2	hyper	2	2	14.25	15.38	0.746
chr21	40721227	40721281	55	hyper	13	14	15.48	16.2	0.5761
chr21	40721302	40721326	25	hyper	10	10	15.5	12.88	0.6076
chr21	40721339	40721392	54	hyper	11	12	15.5	12.88	0.562
chr21	40817359	40817417	59	hyper	6	6	18.5	22.5	0.8222
chr21	40817627	40817914	288	hyper	59	60	14.73	15.03	0.8047
chr21	40868389	40868389	1	hyper	1	1	18.75	9.75	0.4002
chr21	41385129	41385129	1	hyper	1	1	12	14.5	0.4482
chr21	41488829	41488829	1	hyper	1	1	24.5	11.5	0.4707
chr21	42190341	42190341	1	hyper	1	1	14	9.5	0.337
chr21	42219077	42219077	1	hyper	1	1	26	15.75	0.4946
chr21	42688540	42688540	1	hyper	1	1	12	16	0.5416
chr21	42731327	42731327	1	hyper	1	1	12	21	0.8219
chr21	42732689	42732689	1	hyper	1	1	16.25	34.75	0.5532
chr21	42823325	42823325	1	hyper	1	1	12.75	10.75	0.3224
chr21	42880619	42880619	1	hyper	1	1	8.25	8.25	0.4266
chr21	43165643	43165643	1	hyper	1	1	18	14.75	0.3117
chr21	43166433	43166433	1	hyper	1	1	42.25	18.25	0.3927
chr21	43312886	43312886	1	hyper	1	1	17.75	11.5	0.4375
chr21	43317183	43317183	1	hyper	1	1	5.75	13.75	0.4699
chr21	43327881	43327881	1	hyper	1	1	13.75	14.25	0.464
chr21	43328010	43328023	14	hyper	2	2	15	13.62	0.5309
chr21	43373636	43373636	1	hyper	1	1	26	30.5	0.3998
chr21	43373699	43373707	9	hyper	2	2	26.5	30.25	0.4324
chr21	43373710	43373710	1	hyper	1	1	26	30.5	0.5786
chr21	43373745	43373745	1	hyper	1	1	26	30.5	0.4935
chr21	43373848	43373848	1	hyper	1	1	41.5	14.5	0.4366
chr21	43373859	43373859	1	hyper	1	1	41.5	14.5	0.4424
chr21	43431019	43431019	1	hyper	1	1	26.5	26.25	0.3342
chr21	43639061	43639061	1	hyper	1	1	11.25	20.25	0.5494
chr21	43639068	43639075	8	hyper	2	2	11.25	22.62	0.5374
chr21	43639196	43639196	1	hyper	1	1	24.25	10.5	0.4864
chr21	43639201	43639211	11	hyper	4	4	24.88	8.88	0.4484
chr21	43639268	43639277	10	hyper	3	3	25	14.5	0.4078
chr21	43639301	43639301	1	hyper	1	1	6.25	19.5	0.4643
chr21	43639329	43639338	10	hyper	3	3	6.25	19.5	0.4348
chr21	43639362	43639362	1	hyper	1	1	6.25	19.5	0.531
chr21	43639447	43639487	41	hyper	2	2	14.25	16	0.5812
chr21	43639567	43639567	1	hyper	1	1	3.25	9.75	0.4833
chr21	43639676	43639698	23	hyper	3	3	13.67	13.5	0.5253
chr21	43639755	43639755	1	hyper	1	1	19	20	0.4867
chr21	43639824	43639832	9	hyper	5	5	25.25	10	0.5257
chr21	43639863	43639864	2	hyper	2	2	11.12	6.62	0.5492
chr21	43640066	43640085	20	hyper	4	5	13.1	7.25	0.4711
chr21	43663997	43663997	1	hyper	1	1	16.5	35.75	0.5535
chr21	43680451	43680451	1	hyper	1	1	4.5	18.75	0.4606
chr21	43693276	43693276	1	hyper	1	1	5.25	4	0.4278
chr21	43702516	43702516	1	hyper	1	1	34.25	8.25	0.3534
chr21	43766733	43766733	1	hyper	1	1	16.75	34.75	0.4875
chr21	43820024	43820084	61	hyper	2	2	15.75	8.25	0.3941
chr21	43874035	43874035	1	hyper	1	1	21.75	15.5	0.3282
chr21	44013335	44013335	1	hyper	1	1	12	21.5	0.614
chr21	44073479	44073479	1	hyper	1	1	18.75	21	0.4482
chr21	44073753	44073753	1	hyper	1	1	16.25	11	0.3639
chr21	44073769	44073769	1	hyper	1	1	13.75	9.75	0.4232
chr21	44080100	44080100	1	hyper	1	1	12	23.75	0.638
chr21	44089156	44089181	26	hyper	2	2	7	4.5	0.3555
chr21	44313311	44313311	1	hyper	1	1	10.75	19.25	0.5077
chr21	44314091	44314091	1	hyper	1	1	24.75	23.5	0.4133
chr21	44316631	44316631	1	hyper	1	1	12.75	13.5	0.4736
chr21	44347058	44347058	1	hyper	1	1	9.75	15.25	0.442
chr21	44592761	44592761	1	hyper	1	1	26.5	20	0.3066
chr21	44593235	44593235	1	hyper	1	1	16.25	10.25	0.3663
chr21	44597270	44597270	1	hyper	1	1	6.25	13	0.5554
chr21	44613887	44613887	1	hyper	1	1	21.5	11.25	0.3296
chr21	44631480	44631480	1	hyper	1	1	9	16.75	0.4976
chr21	44631607	44631607	1	hyper	1	1	17.75	18.75	0.4097
chr21	44691193	44691193	1	hyper	1	1	4.25	8.5	0.7572
chr21	44694449	44694449	1	hyper	1	1	13.5	13.25	0.355
chr21	44749320	44749320	1	hyper	1	1	42.25	18	0.7672
chr21	44766856	44766856	1	hyper	1	1	12.25	18.5	0.7359
chr21	44783717	44783717	1	hyper	1	1	16.25	10.25	0.4932
chr21	44807374	44807374	1	hyper	1	1	5.75	13.25	0.4189
chr21	44829161	44829161	1	hyper	1	1	7.75	28.5	0.3766
chr21	44829461	44829461	1	hyper	1	1	35.75	11.75	0.4559
chr21	44839813	44839813	1	hyper	1	1	21.5	7.5	0.6185
chr21	44846671	44846671	1	hyper	1	1	12.5	16	0.6172
chr21	44918396	44918396	1	hyper	1	1	9.25	8.75	0.6096
chr21	45078036	45078036	1	hyper	1	1	18.25	31.25	0.5614
chr21	45080215	45080215	1	hyper	1	1	21.5	27	0.511
chr21	45122782	45122782	1	hyper	1	1	8.75	9.25	0.4082
chr21	45138875	45138875	1	hyper	1	1	21.75	27.5	0.5484
chr21	45139042	45139042	1	hyper	1	1	16.75	24.75	0.3594
chr21	45139400	45139400	1	hyper	1	1	22.5	12.25	0.303
chr21	45139464	45139464	1	hyper	1	1	26.75	12	0.3466
chr21	45148529	45148529	1	hyper	1	1	16.5	19.5	0.7212
chr21	45161661	45161661	1	hyper	1	1	15.25	15	0.3075
chr21	45179687	45179687	1	hyper	1	1	9.25	13.25	0.4361
chr21	45181988	45181988	1	hyper	1	1	4.5	32	0.5568
chr21	45196074	45196074	1	hyper	1	1	10	11.25	0.5239
chr21	45196600	45196600	1	hyper	1	1	18.25	11.25	0.434
chr21	45209452	45209452	1	hyper	1	1	23.5	28.25	0.5125
chr21	45232113	45232113	1	hyper	1	1	25.25	9.25	0.3209
chr21	45239775	45239775	1	hyper	1	1	17.75	6.5	0.4324
chr21	45242151	45242151	1	hyper	1	1	15.25	20	0.3621
chr21	45281502	45281502	1	hyper	1	1	15.5	9.25	0.3095
chr21	45284332	45284332	1	hyper	1	1	8	19.75	0.5154
chr21	45284885	45284888	4	hyper	2	2	23	14.25	0.3826
chr21	45285411	45285412	2	hyper	2	2	16.75	10	0.5287
chr21	45285509	45285509	1	hyper	1	1	12.25	12	0.4979
chr21	45293005	45293005	1	hyper	1	1	25.75	24	0.3746
chr21	45293126	45293126	1	hyper	1	1	12.25	30	0.3898
chr21	45355285	45355310	26	hyper	2	2	13.25	14.25	0.3949
chr21	45363235	45363235	1	hyper	1	1	8.5	25.25	0.3158
chr21	45481119	45481119	1	hyper	1	1	27.25	34.75	0.3199
chr21	45527656	45527656	1	hyper	1	1	17.5	9.75	0.5677
chr21	45540324	45540324	1	hyper	1	1	19.25	10	0.3403
chr21	45540354	45540354	1	hyper	1	1	19.25	10	0.4826
chr21	45553067	45553282	216	hyper	21	21	16.13	9.95	0.6286
chr21	45598338	45598338	1	hyper	1	1	6.75	23.75	0.5184
chr21	45618180	45618180	1	hyper	1	1	13.25	13.25	0.3406
chr21	45660598	45660598	1	hyper	1	1	9.25	22.5	0.6652
chr21	45660633	45660638	6	hyper	2	2	9.25	22.5	0.6638
chr21	45660660	45660669	10	hyper	2	3	9.25	22.5	0.4813
chr21	45661142	45661142	1	hyper	1	1	8.5	32.75	0.4
chr21	45661161	45661183	23	hyper	3	4	9.38	31	0.6136
chr21	45661188	45661189	2	hyper	2	2	9.38	31	0.3708
chr21	45661199	45661199	1	hyper	1	1	8.5	32.75	0.4684
chr21	45661742	45661742	1	hyper	1	1	5.5	12.5	0.5143
chr21	45662109	45662168	60	hyper	8	9	10.06	15.14	0.5316
chr21	45662171	45662171	1	hyper	1	1	11.5	18.25	0.55
chr21	45662185	45662190	6	hyper	2	3	9.33	13.58	0.4304
chr21	45662211	45662211	1	hyper	1	1	9	14	0.5758
chr21	45662262	45662262	1	hyper	1	1	7.5	12.25	0.725
chr21	45662453	45662489	37	hyper	5	5	17.15	28	0.5047
chr21	45662706	45662706	1	hyper	1	1	19.5	8.25	0.4102
chr21	45662896	45662896	1	hyper	1	1	25.25	12.5	0.6284
chr21	45662918	45662918	1	hyper	1	1	30.25	14	0.5897
chr21	45662929	45662940	12	hyper	3	3	26.92	13	0.4952
chr21	45677331	45677331	1	hyper	1	1	36.5	13.75	0.5018
chr21	45705743	45705743	1	hyper	1	1	4.25	7.5	0.8409
chr21	45705878	45705878	1	hyper	1	1	15.75	29.25	0.4546
chr21	45705880	45705897	18	hyper	5	5	14.35	28.85	0.5529
chr21	45705907	45705911	5	hyper	2	2	14	28.75	0.6589
chr21	45719772	45719774	3	hyper	2	2	8	13.25	0.3706
chr21	45719895	45719900	6	hyper	2	2	14.5	18.25	0.4344
chr21	45719917	45719933	17	hyper	3	4	14.5	18.25	0.5119
chr21	45719986	45719997	12	hyper	3	3	13.33	17.25	0.6562
chr21	45720024	45720024	1	hyper	1	1	14.5	18.25	0.4511
chr21	45720067	45720069	3	hyper	2	2	14.5	18.25	0.5178
chr21	45720094	45720094	1	hyper	1	1	19.25	17.25	0.4453
chr21	45720098	45720100	3	hyper	3	3	21.25	16.42	0.4612
chr21	45720118	45720124	7	hyper	3	3	20.25	16.83	0.4622
chr21	45720283	45720289	7	hyper	2	2	2.75	23.25	0.6584
chr21	45720313	45720313	1	hyper	1	1	3.5	23.25	0.5042
chr21	45772138	45772177	40	hyper	3	3	29.08	25.92	0.3762
chr21	45785766	45785766	1	hyper	1	1	23.75	18.5	0.4739
chr21	45860281	45860281	1	hyper	1	1	14.5	7.25	0.4934
chr21	45869854	45869854	1	hyper	1	1	16.25	16.25	0.5304
chr21	45875224	45875224	1	hyper	1	1	21.25	9.5	0.5163
chr21	45930662	45930662	1	hyper	1	1	21.25	32.75	0.3463
chr21	45945598	45945598	1	hyper	1	1	21.5	5	0.449
chr21	46034380	46034380	1	hyper	1	1	12.5	28.5	0.3308
chr21	46143492	46143499	8	hyper	3	4	15.12	18	0.6534
chr21	46143520	46143530	11	hyper	3	3	15.17	17.83	0.8066
chr21	46143556	46143563	8	hyper	3	3	15.17	17.83	0.8426
chr21	46149403	46149403	1	hyper	1	1	8	8.5	0.5531
chr21	46221395	46221504	110	hyper	23	23	15.34	29.58	0.6943
chr21	46222183	46222226	44	hyper	3	3	41.92	52.42	0.3761
chr21	46222324	46222337	14	hyper	4	4	42.62	53.62	0.3832
chr21	46237258	46237258	1	hyper	1	1	16.75	7.75	0.3023
chr21	46238433	46238433	1	hyper	1	1	13.25	18.75	0.6217
chr21	46238576	46238576	1	hyper	1	1	12.75	9.5	0.5468
chr21	46257269	46257269	1	hyper	1	1	10.25	33.5	0.3661
chr21	46359699	46359768	70	hyper	9	9	19.81	12.58	0.6382
chr21	46359788	46359846	59	hyper	20	21	26.2	6.2	0.7925
chr21	46359966	46360025	60	hyper	6	6	13	19.75	0.8146
chr21	46360123	46360123	1	hyper	1	1	28.5	20.75	0.3503
chr21	46360322	46360372	51	hyper	5	5	22.25	14.15	0.7209
chr21	46398792	46398792	1	hyper	1	1	11	15.75	0.516
chr21	46401560	46401560	1	hyper	1	1	12.25	24.5	0.3814
chr21	46407940	46407944	5	hyper	3	3	13.5	24.25	0.4964
chr21	46438290	46438290	1	hyper	1	1	19.75	12.25	0.5312
chr21	46438597	46438597	1	hyper	1	1	23.25	11.75	0.3807
chr21	46438610	46438610	1	hyper	1	1	23.25	11.75	0.3317
chr21	46438618	46438618	1	hyper	1	1	23.25	11.75	0.4675
chr21	46439065	46439065	1	hyper	1	1	20.25	16	0.3586
chr21	46452653	46452653	1	hyper	1	1	28.25	11.25	0.3311
chr21	46494292	46494433	142	hyper	43	43	16.81	12.59	0.8348
chr21	46494439	46494439	1	hyper	1	1	21.25	10	0.75
chr21	46494482	46494551	70	hyper	16	16	9	10.25	0.8656
chr21	46494575	46494747	173	hyper	38	38	15.69	9.16	0.871
chr21	46494834	46494900	67	hyper	21	21	25	15.51	0.9287
chr21	46494910	46494910	1	hyper	1	1	25	15.25	0.9396
chr21	46494943	46495112	170	hyper	49	49	11.44	25.79	0.8243
chr21	46495160	46495230	71	hyper	7	7	27.75	10	0.8706
chr21	46678421	46678421	1	hyper	1	1	22.25	42.25	0.3328
chr21	46706807	46706807	1	hyper	1	1	15.75	13.75	0.7203
chr21	46706814	46706814	1	hyper	1	1	14.25	15.5	0.698
chr21	46706845	46706845	1	hyper	1	1	14.25	15.5	0.3233
chr21	46706877	46706877	1	hyper	1	1	18.5	17	0.5815
chr21	46748844	46748844	1	hyper	1	1	12	13.75	0.4174
chr21	46801285	46801285	1	hyper	1	1	22	9	0.3706
chr21	46812567	46812567	1	hyper	1	1	17.25	17.25	0.7079
chr21	46824711	46824718	8	hyper	3	3	18.92	14.42	0.4877
chr21	46824755	46824783	29	hyper	3	4	41.69	15.69	0.389
chr21	46824792	46824809	18	hyper	5	6	37.88	7.75	0.4038
chr21	46824827	46824832	6	hyper	2	2	37.88	7.75	0.419
chr21	46824842	46824845	4	hyper	3	3	36.75	8.08	0.5397
chr21	46824999	46824999	1	hyper	1	1	16	20	0.4574
chr21	46825059	46825063	5	hyper	3	4	9.75	13.5	0.3295
chr21	46825075	46825080	6	hyper	5	5	9.8	13.7	0.54
chr21	46825088	46825089	2	hyper	2	2	9.75	13.5	0.6302
chr21	46825098	46825121	24	hyper	7	8	9.75	13.5	0.4942
chr21	46825125	46825125	1	hyper	1	1	10	14.5	0.4375
chr21	46825153	46825154	2	hyper	2	2	9.75	13.5	0.4698
chr21	46825206	46825213	8	hyper	2	3	11.58	21.17	0.4845
chr21	46825222	46825223	2	hyper	2	2	11.5	21.5	0.5532
chr21	46825232	46825232	1	hyper	1	1	11.25	22.5	0.5411
chr21	46825693	46825699	7	hyper	2	2	36.75	10	0.5175
chr21	46825716	46825716	1	hyper	1	1	36.75	10	0.5461
chr21	46825731	46825736	6	hyper	2	2	36.75	10	0.526
chr21	46825753	46825753	1	hyper	1	1	36.75	10	0.7727
chr21	46825772	46825774	3	hyper	3	3	9.75	9.58	0.5955
chr21	46825779	46825788	10	hyper	4	4	9.88	9.88	0.5942
chr21	46825796	46825796	1	hyper	1	1	10.25	10.75	0.5948
chr21	46825839	46825840	2	hyper	2	2	9.88	9.88	0.3644
chr21	46825893	46825894	2	hyper	2	2	6.75	11.62	0.5042
chr21	46825900	46825900	1	hyper	1	1	5.75	11.5	0.3542
chr21	46825909	46825909	1	hyper	1	1	7.75	11.75	0.5059
chr21	46825937	46825938	2	hyper	2	2	6.75	11.62	0.6
chr21	46825946	46825946	1	hyper	1	1	5.75	11.5	0.3917
chr21	46825954	46825981	28	hyper	3	4	6.75	11.62	0.4259
chr21	46826006	46826006	1	hyper	1	1	5.75	9.75	0.6692
chr21	46826014	46826019	6	hyper	3	3	5.25	8.58	0.5236
chr21	46826131	46826131	1	hyper	1	1	9.25	18.5	0.3194
chr21	46826139	46826139	1	hyper	1	1	9.25	18.5	0.5483
chr21	46826181	46826182	2	hyper	2	2	10.25	17.88	0.418
chr21	46838003	46838003	1	hyper	1	1	17.75	8.5	0.3219
chr21	46841619	46841619	1	hyper	1	1	10.75	17.25	0.3519
chr21	46844883	46844883	1	hyper	1	1	14.25	22.75	0.3869
chr21	46847394	46847394	1	hyper	1	1	9.25	10	0.3579
chr21	46876708	46876708	1	hyper	1	1	22.75	20.5	0.329
chr21	46891706	46891706	1	hyper	1	1	22.75	14.75	0.316
chr21	46891772	46891772	1	hyper	1	1	19.25	22.5	0.484
chr21	46907253	46907253	1	hyper	1	1	16	7	0.49
chr21	46916188	46916188	1	hyper	1	1	6.25	23.25	0.3858
chr21	46923873	46923873	1	hyper	1	1	31.5	13.75	0.3089
chr21	46953733	46953733	1	hyper	1	1	15.25	13.5	0.3183
chr21	46962317	46962343	27	hyper	2	2	19.38	11.25	0.6031
chr21	46962377	46962377	1	hyper	1	1	7.75	8.25	0.526
chr21	46962411	46962411	1	hyper	1	1	9	9.25	0.3864
chr21	46962934	46962934	1	hyper	1	1	16.5	17.5	0.5268
chr21	46994735	46994735	1	hyper	1	1	7.25	19	0.3154
chr21	47010402	47010402	1	hyper	1	1	13.25	14	0.3473
chr21	47062354	47062354	1	hyper	1	1	11.25	11.75	0.5
chr21	47062422	47062422	1	hyper	1	1	14.75	24	0.4852
chr21	47062652	47062654	3	hyper	2	2	17.25	8.25	0.4533
chr21	47062698	47062698	1	hyper	1	1	5.5	22.5	0.4438
chr21	47062728	47062728	1	hyper	1	1	5.5	22.5	0.375
chr21	47063160	47063161	2	hyper	2	2	13.62	19.25	0.5546
chr21	47063247	47063251	5	hyper	2	2	13.62	19.25	0.5212
chr21	47063362	47063362	1	hyper	1	1	10.75	6.25	0.7351
chr21	47063481	47063481	1	hyper	1	1	14.5	14.25	0.4828
chr21	47063620	47063620	1	hyper	1	1	21.75	13.75	0.7228
chr21	47063648	47063648	1	hyper	1	1	21.75	13.75	0.3923
chr21	47063770	47063770	1	hyper	1	1	23.25	16.75	0.6546
chr21	47063803	47063803	1	hyper	1	1	19.5	19.5	0.6707
chr21	47063826	47063827	2	hyper	2	2	21.38	18.12	0.5348
chr21	47063851	47063851	1	hyper	1	1	23.25	16.75	0.3444
chr21	47064007	47064007	1	hyper	1	1	18.5	12.5	0.484
chr21	47064205	47064205	1	hyper	1	1	17.75	23.5	0.4555
chr21	47360839	47360839	1	hyper	1	1	14.75	14	0.3448
chr21	47370203	47370203	1	hyper	1	1	29.75	19.5	0.3296
chr21	47371940	47371940	1	hyper	1	1	10.25	17.5	0.7191
chr21	47392741	47392741	1	hyper	1	1	6.75	25.75	0.6561
chr21	47392957	47392981	25	hyper	2	2	28.25	27.25	0.4382
chr21	47393112	47393122	11	hyper	3	3	27.42	27.08	0.4726
chr21	47393135	47393135	1	hyper	1	1	28.25	27.25	0.5605
chr21	47393176	47393176	1	hyper	1	1	18	22.5	0.6708
chr21	47393245	47393245	1	hyper	1	1	23.5	22.5	0.6893
chr21	47393774	47393792	19	hyper	2	2	14.5	9.62	0.4956
chr21	47393848	47393848	1	hyper	1	1	14	9	0.5542
chr21	47393887	47393887	1	hyper	1	1	16	10.5	0.5019
chr21	47393909	47393909	1	hyper	1	1	26	13.5	0.4781
chr21	47393941	47393941	1	hyper	1	1	23.75	13.25	0.4723
chr21	47394069	47394081	13	hyper	2	2	6.75	12.5	0.5074
chr21	47394257	47394262	6	hyper	2	2	21.75	21.5	0.4356
chr21	47394311	47394311	1	hyper	1	1	22.75	23.75	0.6766
chr21	47394401	47394402	2	hyper	2	2	21.75	21.5	0.4486
chr21	47422158	47422158	1	hyper	1	1	6.5	12.25	0.7244
chr21	47455672	47455672	1	hyper	1	1	9	15.25	0.7248
chr21	47475283	47475283	1	hyper	1	1	20.75	16.75	0.4304
chr21	47487813	47487813	1	hyper	1	1	25.5	7.5	0.3293
chr21	47501450	47501450	1	hyper	1	1	5	18.75	0.4079
chr21	47501599	47501599	1	hyper	1	1	14	11	0.5445
chr21	47503248	47503248	1	hyper	1	1	15.75	14	0.3353
chr21	47534107	47534107	1	hyper	1	1	25.75	16.5	0.404
chr21	47540982	47540982	1	hyper	1	1	5.25	18	0.5442
chr21	47541631	47541631	1	hyper	1	1	28.5	8.5	0.5591
chr21	47562145	47562145	1	hyper	1	1	25.25	9	0.405
chr21	47648440	47648505	66	hyper	19	19	13.82	8.09	0.8919
chr21	47648526	47648802	277	hyper	33	33	24.17	16.03	0.8303
chr21	47648821	47648854	34	hyper	13	13	25.85	18.27	0.8565
chr21	47649157	47649441	285	hyper	46	46	32.04	9.18	0.8347
chr21	47691631	47691631	1	hyper	1	1	13.75	7.75	0.3706
chr21	47705696	47705697	2	hyper	2	2	24.75	15.38	0.4558
chr21	47717306	47717306	1	hyper	1	1	6.5	15.75	0.868
chr21	47717339	47717381	43	hyper	4	4	17.38	16.12	0.717
chr21	47717437	47717493	57	hyper	4	4	27.25	10.5	0.6274
chr21	47717525	47717577	53	hyper	7	7	19.25	15	0.5699
chr21	47717609	47717609	1	hyper	1	1	20.25	23.75	0.5651
chr21	47717634	47717634	1	hyper	1	1	20.25	23.75	0.3745
chr21	47717666	47717666	1	hyper	1	1	20.25	23.75	0.772
chr21	47717686	47717709	24	hyper	4	5	19.2	22.7	0.6173
chr21	47717721	47717750	30	hyper	7	8	19.38	22.88	0.6091
chr21	47717762	47717771	10	hyper	2	3	23.83	21.75	0.4567
chr21	47717778	47717789	12	hyper	4	5	17.65	14.6	0.5496
chr21	47742976	47742985	10	hyper	3	3	22.5	29.5	0.5965
chr21	47743915	47743923	9	hyper	2	2	9.5	11.75	0.4655
chr21	47743956	47743956	1	hyper	1	1	10.5	10.25	0.4375
chr21	47744164	47744164	1	hyper	1	1	7.5	12.5	0.8038
chr21	47744668	47744668	1	hyper	1	1	10.5	16.75	0.5083
chr21	47744877	47744877	1	hyper	1	1	8	13.25	0.3583
chr21	47744953	47744953	1	hyper	1	1	16.25	20	0.4167
chr21	9704514	9704514	1	hypo	1	1	8	10.75	-0.3654
chr21	9709006	9709006	1	hypo	1	1	18.75	8.25	-0.5476
chr21	9709087	9709100	14	hypo	3	4	37	11.88	-0.3516
chr21	9709116	9709116	1	hypo	1	1	35	13.25	-0.316
chr21	9709132	9709133	2	hypo	2	2	37	11.88	-0.5137
chr21	9709150	9709174	25	hypo	4	5	37.4	11.6	-0.5303
chr21	9825787	9825787	1	hypo	1	1	25	13.5	-0.4082
chr21	9826988	9826988	1	hypo	1	1	19.25	21.5	-0.3506
chr21	9909575	9909575	1	hypo	1	1	13	8.75	-0.7513
chr21	9926567	9926601	35	hypo	6	7	20.54	11.43	-0.6642
chr21	9926627	9926694	68	hypo	12	14	13.79	16.18	-0.649
chr21	9926741	9926895	155	hypo	14	14	13.59	27.55	-0.668
chr21	9926990	9927088	99	hypo	7	7	13.25	5.25	-0.6696
chr21	10598205	10598205	1	hypo	1	1	26.75	20.25	-0.3264
chr21	10891704	10891704	1	hypo	1	1	20	11.5	-0.3199
chr21	10990001	10990001	1	hypo	1	1	15.25	13.5	-0.7232
chr21	10990167	10990167	1	hypo	1	1	16.25	24.5	-0.6359
chr21	10990643	10990643	1	hypo	1	1	19.25	41	-0.3835
chr21	11106788	11106802	15	hypo	7	7	19	13.39	-0.493
chr21	11106863	11106863	1	hypo	1	1	11.75	32.5	-0.872
chr21	11106874	11106874	1	hypo	1	1	11.75	32.5	-0.3117
chr21	11106887	11106904	18	hypo	3	3	12.5	30.83	-0.5873
chr21	14568634	14568634	1	hypo	1	1	11.5	15.5	-0.3357
chr21	14751648	14751648	1	hypo	1	1	8.5	14.5	-0.3571
chr21	14926071	14926071	1	hypo	1	1	17.75	7.5	-0.3681
chr21	15038877	15038877	1	hypo	1	1	10.75	6.75	-0.5478
chr21	15086217	15086217	1	hypo	1	1	3.25	11.75	-0.4164
chr21	15095847	15095847	1	hypo	1	1	10	4.5	-0.3071
chr21	15308344	15308412	69	hypo	3	3	15.67	15.58	-0.6496
chr21	15308422	15308486	65	hypo	3	3	9.58	12.42	-0.7199
chr21	15308845	15308873	29	hypo	3	3	15.75	14.75	-0.6997
chr21	15436219	15436245	27	hypo	7	7	5.79	18.68	-0.6325
chr21	15436261	15436420	160	hypo	24	24	12.81	12.27	-0.7328
chr21	15436733	15436867	135	hypo	24	24	8.62	19.62	-0.6837
chr21	15755278	15755278	1	hypo	1	1	22.25	11.25	-0.5212
chr21	16320110	16320110	1	hypo	1	1	13.5	9	-0.4932
chr21	16686940	16686940	1	hypo	1	1	7	14	-0.5804
chr21	16982866	16982866	1	hypo	1	1	17.5	8.25	-0.4194
chr21	17092850	17092850	1	hypo	1	1	23.5	4	-0.4702
chr21	17102818	17102818	1	hypo	1	1	13.25	9.25	-0.4511
chr21	17671653	17671653	1	hypo	1	1	16.75	6.5	-0.5346
chr21	17741689	17741689	1	hypo	1	1	11.75	7.5	-0.454
chr21	17947800	17947800	1	hypo	1	1	12.5	5.25	-0.4242
chr21	18010829	18010829	1	hypo	1	1	14	22.5	-0.3697
chr21	18497380	18497380	1	hypo	1	1	4.75	11.25	-0.3236
chr21	18776878	18776878	1	hypo	1	1	31.5	11.75	-0.4299
chr21	18826253	18826253	1	hypo	1	1	3.75	12.25	-0.3102
chr21	18882955	18882955	1	hypo	1	1	15.25	7.5	-0.5105
chr21	19191651	19191651	1	hypo	1	1	17.25	4	-0.3333
chr21	19311083	19311083	1	hypo	1	1	15.25	23.25	-0.532
chr21	19693762	19693762	1	hypo	1	1	22.75	17.25	-0.357
chr21	19969262	19969262	1	hypo	1	1	9.75	15.75	-0.4539
chr21	21374230	21374230	1	hypo	1	1	7.5	19.75	-0.3834
chr21	22013052	22013052	1	hypo	1	1	11	18.25	-0.3858
chr21	22278771	22278771	1	hypo	1	1	11.5	23.75	-0.3121
chr21	22728080	22728080	1	hypo	1	1	8.25	26	-0.3137
chr21	22854208	22854208	1	hypo	1	1	11.25	7.25	-0.5865
chr21	23114972	23114972	1	hypo	1	1	30.25	20.25	-0.3865
chr21	23226203	23226203	1	hypo	1	1	12.25	6.75	-0.4333
chr21	23328175	23328175	1	hypo	1	1	10.25	4.5	-0.5262
chr21	23833242	23833242	1	hypo	1	1	14.5	12	-0.3283
chr21	23998965	23998965	1	hypo	1	1	9.5	11	-0.3704
chr21	24401711	24401748	38	hypo	2	2	18.12	24.5	-0.4812
chr21	25106772	25106772	1	hypo	1	1	12.5	14.25	-0.3551
chr21	25229656	25229656	1	hypo	1	1	7	39	-0.3643
chr21	25234028	25234028	1	hypo	1	1	13.5	12	-0.4068
chr21	26367458	26367458	1	hypo	1	1	24.75	22	-0.4213
chr21	26734239	26734239	1	hypo	1	1	18	26	-0.3134
chr21	26734249	26734310	62	hypo	2	3	16.33	28.17	-0.2465
chr21	26734336	26734337	2	hypo	2	2	16.75	27.62	-0.3174
chr21	28219016	28219016	1	hypo	1	1	20	8.25	-0.5154
chr21	28843468	28843468	1	hypo	1	1	16.75	16.25	-0.4704
chr21	29304848	29304848	1	hypo	1	1	8	15.5	-0.3897
chr21	29430696	29430696	1	hypo	1	1	4	11.25	-0.5625
chr21	29434774	29434774	1	hypo	1	1	7	25.75	-0.3415
chr21	30473874	30473874	1	hypo	1	1	2.25	12.25	-0.3928
chr21	30671232	30671232	1	hypo	1	1	19	27.25	-0.4532
chr21	30704497	30704497	1	hypo	1	1	17	10	-0.5498
chr21	30721231	30721231	1	hypo	1	1	29	10	-0.7244
chr21	30945891	30945891	1	hypo	1	1	8	29.5	-0.5188
chr21	31128422	31128422	1	hypo	1	1	11.75	14.25	-0.4793
chr21	32454831	32454831	1	hypo	1	1	21.25	13.5	-0.3532
chr21	32556445	32556445	1	hypo	1	1	12.5	3.75	-0.325
chr21	32624158	32624158	1	hypo	1	1	45	19.25	-0.4458
chr21	32840860	32840860	1	hypo	1	1	9.25	19.5	-0.4972
chr21	32863375	32863375	1	hypo	1	1	19.75	10.5	-0.3241
chr21	32878107	32878107	1	hypo	1	1	17.75	7.75	-0.375
chr21	32931210	32931210	1	hypo	1	1	24.25	7.5	-0.8
chr21	32942609	32942609	1	hypo	1	1	4.75	20.25	-0.326
chr21	33229892	33229892	1	hypo	1	1	27	19.25	-0.3792
chr21	33678483	33678483	1	hypo	1	1	18	22.75	-0.6003
chr21	33697437	33697437	1	hypo	1	1	23.75	18.5	-0.378
chr21	33752027	33752027	1	hypo	1	1	23.75	12.25	-0.4444
chr21	33765120	33765120	1	hypo	1	1	44.25	13.25	-0.3336
chr21	33782367	33782367	1	hypo	1	1	13.5	9.75	-0.3451
chr21	33784431	33784431	1	hypo	1	1	15	19.5	-0.5736
chr21	33964676	33964676	1	hypo	1	1	9.75	32.25	-0.5248
chr21	33968316	33968393	78	hypo	2	2	13.75	10.75	-0.5692
chr21	33984774	33984774	1	hypo	1	1	13	15.5	-0.5852
chr21	34487780	34487780	1	hypo	1	1	11.5	8.75	-0.3375
chr21	34501856	34501856	1	hypo	1	1	7	15	-0.7922
chr21	34915413	34915413	1	hypo	1	1	8.75	21.5	-0.4273
chr21	34915512	34915512	1	hypo	1	1	13.25	18.5	-0.4756
chr21	35287840	35287840	1	hypo	1	1	16.5	11.5	-0.3439
chr21	35989292	35989292	1	hypo	1	1	9.5	16	-0.3696
chr21	36017801	36017801	1	hypo	1	1	18.75	8.75	-0.5878
chr21	36042000	36042000	1	hypo	1	1	14.5	13.5	-0.7193
chr21	36164180	36164180	1	hypo	1	1	9.25	5.5	-0.323
chr21	36164230	36164298	69	hypo	17	19	28.87	14.28	-0.3889
chr21	36164522	36164564	43	hypo	6	7	12.39	28.11	-0.4063
chr21	36164585	36164596	12	hypo	3	4	17.12	4.62	-0.3429
chr21	36164611	36164614	4	hypo	3	3	17	4.58	-0.4401
chr21	36164645	36164645	1	hypo	1	1	29.25	28.25	-0.3506
chr21	36164651	36164651	1	hypo	1	1	30.5	27.75	-0.4374
chr21	36164675	36164690	16	hypo	3	3	29.67	28.08	-0.3729
chr21	36164702	36164711	10	hypo	3	5	29.75	28.05	-0.3162
chr21	36258399	36258399	1	hypo	1	1	28.5	22.5	-0.3769
chr21	36258436	36258436	1	hypo	1	1	28.5	22.5	-0.5094
chr21	37451217	37451217	1	hypo	1	1	5.75	4.5	-0.3345
chr21	37451398	37451398	1	hypo	1	1	4.75	5.75	-0.4375
chr21	37485706	37485706	1	hypo	1	1	36	7.75	-0.3698
chr21	37529510	37529510	1	hypo	1	1	12.75	20	-0.5548
chr21	37529675	37529675	1	hypo	1	1	31.5	11.5	-0.303
chr21	37529752	37529752	1	hypo	1	1	16	14.75	-0.471
chr21	37529767	37529767	1	hypo	1	1	16.5	13.25	-0.7723
chr21	37760401	37760401	1	hypo	1	1	9.75	15.5	-0.3287
chr21	37815467	37815467	1	hypo	1	1	22	19.5	-0.3866
chr21	38065765	38065765	1	hypo	1	1	13	8.5	-0.425
chr21	38065801	38065801	1	hypo	1	1	13	8.5	-0.3166
chr21	38074233	38074233	1	hypo	1	1	12.5	19	-0.6139
chr21	38077449	38077449	1	hypo	1	1	11.75	11	-0.7322
chr21	38080973	38080975	3	hypo	2	2	16.62	22	-0.3938
chr21	38126554	38126554	1	hypo	1	1	12.25	14.25	-0.4527
chr21	38143438	38143438	1	hypo	1	1	6	20.5	-0.7277
chr21	38258594	38258594	1	hypo	1	1	3	23	-0.5248
chr21	38362155	38362155	1	hypo	1	1	26	22.75	-0.3678
chr21	38367749	38367749	1	hypo	1	1	6	8.5	-0.3321
chr21	38454414	38454414	1	hypo	1	1	14.5	12	-0.3051
chr21	38638311	38638375	65	hypo	8	9	18.86	28.33	-0.6684
chr21	38740430	38740430	1	hypo	1	1	28.5	30	-0.5706
chr21	38964503	38964503	1	hypo	1	1	10.75	10.75	-0.6053
chr21	39335841	39335841	1	hypo	1	1	19	12.75	-0.573
chr21	39384313	39384313	1	hypo	1	1	18.25	33.5	-0.4141
chr21	39403261	39403261	1	hypo	1	1	20.5	4.25	-0.6095
chr21	39840637	39840637	1	hypo	1	1	10.5	29	-0.3198
chr21	40090102	40090144	43	hypo	2	2	15.25	4.75	-0.5486
chr21	40106072	40106072	1	hypo	1	1	8.75	20	-0.4783
chr21	40168807	40168807	1	hypo	1	1	4	6	-0.3128
chr21	40429787	40429787	1	hypo	1	1	10.75	5.5	-0.786
chr21	40455434	40455434	1	hypo	1	1	31	8.75	-0.5057
chr21	40687047	40687047	1	hypo	1	1	15.25	17.25	-0.3534
chr21	40775473	40775473	1	hypo	1	1	17	7.75	-0.629
chr21	41039765	41039765	1	hypo	1	1	17.75	10.25	-0.4472
chr21	41515650	41515650	1	hypo	1	1	14.25	26.5	-0.3649
chr21	41883645	41883645	1	hypo	1	1	19.25	5	-0.4022
chr21	42675736	42675736	1	hypo	1	1	11.75	22.25	-0.3333
chr21	42751706	42751706	1	hypo	1	1	13.5	12	-0.3654
chr21	42879887	42879887	1	hypo	1	1	19.25	17	-0.3059
chr21	42880108	42880108	1	hypo	1	1	6.25	19	-0.3527
chr21	43090586	43090586	1	hypo	1	1	21.25	19.75	-0.4839
chr21	43109560	43109580	21	hypo	4	4	10.88	6.12	-0.5769
chr21	43146072	43146072	1	hypo	1	1	14.5	5.5	-0.413
chr21	43146133	43146133	1	hypo	1	1	14	7.25	-0.5942
chr21	43236330	43236330	1	hypo	1	1	26	17.5	-0.709
chr21	43236346	43236447	102	hypo	5	6	19.62	27.33	-0.6399
chr21	43236457	43236480	24	hypo	4	4	23.81	17	-0.5606
chr21	43317226	43317226	1	hypo	1	1	5.75	13.75	-0.4515
chr21	43327813	43327813	1	hypo	1	1	14.5	12.5	-0.666
chr21	43327883	43327883	1	hypo	1	1	14.5	12.5	-0.3524
chr21	43431070	43431070	1	hypo	1	1	6.25	12.25	-0.3458
chr21	43431091	43431091	1	hypo	1	1	8.25	14	-0.3309
chr21	43530856	43530859	4	hypo	2	2	20.25	9.75	-0.4316
chr21	43546442	43546442	1	hypo	1	1	19.75	15.25	-0.4272
chr21	43702479	43702479	1	hypo	1	1	34.25	8.25	-0.3538
chr21	43705933	43705933	1	hypo	1	1	5	17.5	-0.6116
chr21	43714226	43714226	1	hypo	1	1	16.25	25.75	-0.3416
chr21	43714579	43714579	1	hypo	1	1	5.5	13.25	-0.581
chr21	43721690	43721690	1	hypo	1	1	29.5	8	-0.3374
chr21	43795163	43795163	1	hypo	1	1	3.75	16.75	-0.3514
chr21	43859182	43859182	1	hypo	1	1	11.5	19.25	-0.3382
chr21	43867496	43867496	1	hypo	1	1	16.5	32.25	-0.4927
chr21	44089916	44089916	1	hypo	1	1	11.5	5.5	-0.4956
chr21	44106405	44106405	1	hypo	1	1	10.25	16.5	-0.356
chr21	44106498	44106499	2	hypo	2	2	23	23.75	-0.8548
chr21	44106523	44106538	16	hypo	3	3	23.42	23.25	-0.7849
chr21	44106546	44106597	52	hypo	4	4	14.81	23.31	-0.7964
chr21	44106618	44106618	1	hypo	1	1	12.5	24.5	-0.7592
chr21	44113047	44113047	1	hypo	1	1	24.5	36.25	-0.3342
chr21	44193842	44193842	1	hypo	1	1	15	15	-0.6364
chr21	44201649	44201649	1	hypo	1	1	16.25	10.75	-0.4015
chr21	44300562	44300568	7	hypo	3	3	15.67	26.17	-0.9553
chr21	44307921	44307921	1	hypo	1	1	7	21.75	-0.3162
chr21	44313182	44313182	1	hypo	1	1	3.5	24	-0.6292
chr21	44314092	44314092	1	hypo	1	1	21	21.75	-0.3004
chr21	44387317	44387317	1	hypo	1	1	34.75	5	-0.5234
chr21	44387324	44387324	1	hypo	1	1	33.5	3.75	-0.5625
chr21	44477846	44477939	94	hypo	7	7	8.75	30	-0.8035
chr21	44568326	44568326	1	hypo	1	1	12	14.25	-0.3098
chr21	44590585	44590585	1	hypo	1	1	3.25	19.75	-0.5042
chr21	44591953	44591966	14	hypo	2	2	13.5	8.5	-0.5054
chr21	44694424	44694424	1	hypo	1	1	13.5	10	-0.6385
chr21	44775574	44775574	1	hypo	1	1	18.75	10.75	-0.4446
chr21	44840130	44840162	33	hypo	4	4	10.75	25.69	-0.4531
chr21	44840215	44840216	2	hypo	2	2	11	25.88	-0.5115
chr21	44840232	44840320	89	hypo	5	6	9	30.21	-0.5111
chr21	44840386	44840407	22	hypo	5	6	12.62	21.25	-0.4888
chr21	44846565	44846565	1	hypo	1	1	11.75	13.5	-0.5651
chr21	44865432	44865433	2	hypo	2	2	19.88	6.75	-0.7458
chr21	44865502	44865509	8	hypo	4	4	21	11.88	-0.5384
chr21	44865527	44865551	25	hypo	3	3	24.92	18.33	-0.631
chr21	44865630	44865630	1	hypo	1	1	37.5	22.5	-0.683
chr21	44871584	44871584	1	hypo	1	1	11.75	11	-0.3914
chr21	45000989	45000989	1	hypo	1	1	8	15.25	-0.4476
chr21	45077843	45077843	1	hypo	1	1	24.75	29.5	-0.4352
chr21	45077898	45077898	1	hypo	1	1	26.5	26	-0.5199
chr21	45079319	45079319	1	hypo	1	1	11.25	23.25	-0.3591
chr21	45079398	45079408	11	hypo	2	2	12.5	22.62	-0.3905
chr21	45079790	45079790	1	hypo	1	1	10.25	11.25	-0.4554
chr21	45149373	45149373	1	hypo	1	1	17.5	9	-0.4087
chr21	45199407	45199407	1	hypo	1	1	40.25	10.25	-0.4293
chr21	45222975	45222975	1	hypo	1	1	24.75	18	-0.6173
chr21	45236908	45236908	1	hypo	1	1	12	15.5	-0.4666
chr21	45244423	45244423	1	hypo	1	1	9.75	18.25	-0.3356
chr21	45255247	45255247	1	hypo	1	1	16	32.5	-0.5318
chr21	45276839	45276839	1	hypo	1	1	22.25	5.75	-0.5903
chr21	45284206	45284206	1	hypo	1	1	8	19.75	-0.3926
chr21	45285070	45285070	1	hypo	1	1	6.5	9.25	-0.5561
chr21	45285667	45285667	1	hypo	1	1	26.5	16.75	-0.5434
chr21	45301725	45301725	1	hypo	1	1	23	21.75	-0.3972
chr21	45353620	45353620	1	hypo	1	1	7.5	13	-0.4234
chr21	45363618	45363657	40	hypo	8	9	11	28.75	-0.578
chr21	45387089	45387089	1	hypo	1	1	14	26	-0.4456
chr21	45527036	45527036	1	hypo	1	1	14.5	17.75	-0.4362
chr21	45533705	45533705	1	hypo	1	1	11.5	21.75	-0.3963
chr21	45559483	45559483	1	hypo	1	1	12.5	4.75	-0.5682
chr21	45559533	45559533	1	hypo	1	1	28	36.5	-0.5643
chr21	45559635	45559635	1	hypo	1	1	12.75	29.75	-0.6251
chr21	45559748	45559774	27	hypo	4	4	25.5	10.12	-0.5718
chr21	45592849	45592849	1	hypo	1	1	19	7.25	-0.4276
chr21	45619355	45619355	1	hypo	1	1	19.5	27.5	-0.3426
chr21	45627164	45627164	1	hypo	1	1	20.75	21.75	-0.6203
chr21	45707217	45707236	20	hypo	3	4	14.62	23.94	-0.4113
chr21	45759184	45759184	1	hypo	1	1	10.75	25.75	-0.4806
chr21	45759197	45759197	1	hypo	1	1	9.25	27.75	-0.3903
chr21	45786841	45786841	1	hypo	1	1	29.5	14.75	-0.4788
chr21	45800233	45800233	1	hypo	1	1	20.25	6.25	-0.3257
chr21	45845273	45845273	1	hypo	1	1	7.75	15.25	-0.6614
chr21	45845280	45845280	1	hypo	1	1	8.25	18.25	-0.3366
chr21	45855273	45855273	1	hypo	1	1	22.75	14.5	-0.3533
chr21	45875443	45875443	1	hypo	1	1	14.25	17.5	-0.5312
chr21	45883676	45883676	1	hypo	1	1	11	37	-0.4947
chr21	45883729	45883729	1	hypo	1	1	10.5	30.25	-0.6054
chr21	45883740	45883740	1	hypo	1	1	11	37	-0.4138
chr21	45959194	45959194	1	hypo	1	1	22.25	24.25	-0.5394
chr21	46012654	46012654	1	hypo	1	1	7.75	17.25	-0.6442
chr21	46059563	46059583	21	hypo	2	2	17.12	21	-0.4284
chr21	46072142	46072142	1	hypo	1	1	25.75	23.75	-0.4501
chr21	46078729	46078729	1	hypo	1	1	14.25	9.5	-0.6598
chr21	46237177	46237177	1	hypo	1	1	16.75	7.75	-0.5009
chr21	46237600	46237600	1	hypo	1	1	10.5	23.25	-0.4328
chr21	46237677	46237677	1	hypo	1	1	20	20.25	-0.5387
chr21	46306545	46306640	96	hypo	15	16	24.97	9.72	-0.7355
chr21	46306688	46306701	14	hypo	3	3	25.08	10.75	-0.6027
chr21	46326815	46326815	1	hypo	1	1	24.75	8	-0.575
chr21	46353866	46353866	1	hypo	1	1	43	24.75	-0.4319
chr21	46369238	46369498	261	hypo	16	16	28.23	11.25	-0.758
chr21	46392244	46392264	21	hypo	3	3	7.25	11.75	-0.7934
chr21	46398140	46398140	1	hypo	1	1	3	18.5	-0.4304
chr21	46406867	46406867	1	hypo	1	1	18	9.25	-0.3113
chr21	46417986	46417986	1	hypo	1	1	8.75	5	-0.3654
chr21	46438293	46438293	1	hypo	1	1	19.75	12.25	-0.753
chr21	46460791	46460791	1	hypo	1	1	14.25	15.75	-0.5098
chr21	46553992	46554004	13	hypo	2	2	11.25	17.5	-0.3028
chr21	46554022	46554072	51	hypo	8	10	10.75	15.62	-0.4176
chr21	46554110	46554143	34	hypo	4	6	10.75	15.62	-0.3998
chr21	46554249	46554339	91	hypo	15	18	54.25	23.25	-0.4765
chr21	46554388	46554393	6	hypo	3	3	54.33	24.08	-0.4639
chr21	46677854	46677854	1	hypo	1	1	10.5	16.25	-0.3298
chr21	46772610	46772610	1	hypo	1	1	15	24.25	-0.5856
chr21	46778195	46778195	1	hypo	1	1	8	6.75	-0.6002
chr21	46778417	46778417	1	hypo	1	1	41.75	21.25	-0.8204
chr21	46783469	46783469	1	hypo	1	1	30.5	14.5	-0.4174
chr21	46828715	46828715	1	hypo	1	1	13.25	12	-0.5167
chr21	46837922	46837922	1	hypo	1	1	21	7.25	-0.3177
chr21	46838495	46838495	1	hypo	1	1	16.75	28	-0.836
chr21	46846468	46846468	1	hypo	1	1	20.75	10.25	-0.5894
chr21	46854738	46854738	1	hypo	1	1	13	4.75	-0.4556
chr21	46890077	46890084	8	hypo	2	2	15	23.12	-0.6422
chr21	46892107	46892176	70	hypo	5	5	7.75	5.75	-0.6104
chr21	46912564	46912582	19	hypo	2	2	19.75	2	-0.8534
chr21	46913513	46913672	160	hypo	13	14	10.62	15.38	-0.6844
chr21	46925228	46925228	1	hypo	1	1	8.75	12.5	-0.3393
chr21	46929810	46929851	42	hypo	2	2	10	22.75	-0.4846
chr21	46951017	46951017	1	hypo	1	1	11	7.75	-0.9822
chr21	46951047	46951047	1	hypo	1	1	10.25	7	-0.539
chr21	46951149	46951329	181	hypo	24	24	21.5	14.89	-0.767
chr21	46951331	46951415	85	hypo	12	12	24.19	15.58	-0.8275
chr21	46951602	46952018	417	hypo	71	71	22.08	17.78	-0.7933
chr21	46955936	46955948	13	hypo	2	2	9.5	29.5	-0.5451
chr21	46956415	46956415	1	hypo	1	1	3.25	4.75	-0.7562
chr21	46956481	46956481	1	hypo	1	1	3.25	4.75	-0.4688
chr21	46956489	46956489	1	hypo	1	1	7.25	3.75	-0.5384
chr21	46956625	46956625	1	hypo	1	1	10.5	20.25	-0.4409
chr21	46956685	46956686	2	hypo	2	2	10	17.88	-0.5527
chr21	46974538	46974546	9	hypo	2	2	7.75	11	-0.453
chr21	46975669	46975669	1	hypo	1	1	9.25	11.5	-0.372
chr21	46982470	46982470	1	hypo	1	1	21.75	8.75	-0.4535
chr21	46994171	46994171	1	hypo	1	1	18	13.75	-0.4398
chr21	47290402	47290402	1	hypo	1	1	33.75	14.5	-0.4126
chr21	47295120	47295120	1	hypo	1	1	15.25	26.5	-0.4828
chr21	47334244	47334282	39	hypo	7	7	15.57	29	-0.6915
chr21	47334368	47334415	48	hypo	4	4	13	27.25	-0.6346
chr21	47344064	47344064	1	hypo	1	1	2.5	18.5	-0.7355
chr21	47350024	47350024	1	hypo	1	1	12.5	15.75	-0.5615
chr21	47371876	47371876	1	hypo	1	1	10.25	17.5	-0.4112
chr21	47402228	47402228	1	hypo	1	1	19.75	13.25	-0.335
chr21	47403328	47403328	1	hypo	1	1	5.75	21.5	-0.4041
chr21	47409095	47409102	8	hypo	2	3	19.08	8.58	-0.419
chr21	47409238	47409238	1	hypo	1	1	20.5	19.75	-0.3861
chr21	47409796	47409796	1	hypo	1	1	26	6.5	-0.312
chr21	47409812	47409820	9	hypo	3	3	24.5	9.5	-0.4469
chr21	47409829	47409829	1	hypo	1	1	26	6.5	-0.618
chr21	47413957	47413957	1	hypo	1	1	7.25	15.75	-0.6027
chr21	47430757	47430757	1	hypo	1	1	13.5	20.25	-0.6562
chr21	47430840	47430840	1	hypo	1	1	13.5	20.25	-0.4558
chr21	47457481	47457481	1	hypo	1	1	17.5	14.25	-0.5844
chr21	47457501	47457534	34	hypo	2	2	18.25	13.38	-0.606
chr21	47457564	47457580	17	hypo	4	4	18.25	13.38	-0.5788
chr21	47457589	47457617	29	hypo	6	6	18.5	13.08	-0.6768
chr21	47519094	47519094	1	hypo	1	1	4.5	22	-0.5509
chr21	47532162	47532188	27	hypo	11	12	9.5	12.12	-0.7086
chr21	47532213	47532261	49	hypo	7	7	19.46	20.21	-0.7327
chr21	47532655	47532747	93	hypo	7	7	4.5	4.75	-0.7068
chr21	47540884	47540884	1	hypo	1	1	5.25	18	-0.3546
chr21	47547165	47547165	1	hypo	1	1	13	12.5	-0.4286
chr21	47549313	47549313	1	hypo	1	1	19.75	32	-0.4758
chr21	47565568	47565647	80	hypo	14	14	17.36	11.71	-0.6605
chr21	47565683	47565975	293	hypo	49	50	23.23	14.25	-0.6661
chr21	47566043	47566072	30	hypo	7	7	11.68	15.07	-0.6439
chr21	47566099	47566118	20	hypo	4	5	17.55	15.8	-0.5619
chr21	47566128	47566128	1	hypo	1	1	18	17.75	-0.7724
chr21	47581965	47581965	1	hypo	1	1	17.25	12	-0.4366
chr21	47712500	47712500	1	hypo	1	1	20.25	33.75	-0.5631
chr21	47712946	47712946	1	hypo	1	1	24	20.5	-0.4767
chr21	47793890	47793890	1	hypo	1	1	21.25	14	-0.5786
chr21	47809898	47809977	80	hypo	3	3	13	20	-0.8237
chr21	47833119	47833135	17	hypo	2	2	10.25	20.25	-0.5103
chr21	47833195	47833227	33	hypo	5	6	10.12	18.25	-0.5936
chr21	47918581	47918596	16	hypo	3	4	14.5	23	-0.4089
chr21	48081666	48081674	9	hypo	2	2	16.75	10.75	-0.6242
chr21	48081687	48081819	133	hypo	8	10	16.75	10.75	-0.4968
