chr	start	end	strand	pvalue	qvalue	meth.diff
chr21	9709001	9710000	*	1.33012383252758e-199	7.53982435316761e-199	-39.9652391546162
chr21	9926001	9927000	*	0	0	-49.939720358635
chr21	11106001	11107000	*	7.99897820263599e-187	4.48599476032208e-186	-33.227826967553
chr21	15308001	15309000	*	0	0	-50.0619528724174
chr21	15436001	15437000	*	0	0	-66.4944347884044
chr21	16436001	16437000	*	0	0	38.540750356504
chr21	16437001	16438000	*	0	0	43.7496262804321
chr21	18885001	18886000	*	0	0	36.1174633067098
chr21	18984001	18985000	*	0	0	52.8071750755446
chr21	18985001	18986000	*	0	0	61.1535153940825
chr21	27945001	27946000	*	7.90505033345994e-323	5.33590897508546e-322	39.230068537163
chr21	28307001	28308000	*	1.071952820225e-47	4.28108491640212e-47	25.511918578597
chr21	30365001	30366000	*	2.87187001889013e-224	1.74019384983021e-223	38.5997212340594
chr21	30391001	30392000	*	0	0	43.1416063250965
chr21	30445001	30446000	*	3.0591485918671e-138	1.64560879210002e-137	31.6601024820326
chr21	31311001	31312000	*	0	0	46.893449069805
chr21	32689001	32690000	*	3.81176173200667e-28	1.29642127594284e-27	-32.5
chr21	32716001	32717000	*	3.01367687027565e-270	1.89133953655226e-269	27.4437041175086
chr21	33032001	33033000	*	0	0	31.2570519372422
chr21	33245001	33246000	*	0	0	36.1888850202863
chr21	33637001	33638000	*	1.58321127637253e-15	3.37904537332363e-15	-29.3926019335855
chr21	34100001	34101000	*	0	0	27.54806645191
chr21	34395001	34396000	*	0	0	61.497590081145
chr21	34398001	34399000	*	0	0	58.0517194149942
chr21	34399001	34400000	*	0	0	63.8846325931795
chr21	34400001	34401000	*	7.2652210894206e-221	4.35229440607049e-220	27.4719486787475
chr21	34442001	34443000	*	0	0	39.293464451286
chr21	34443001	34444000	*	0	0	38.415486878453
chr21	34775001	34776000	*	0	0	58.6833367198098
chr21	34776001	34777000	*	0	0	65.706374645023
chr21	34863001	34864000	*	0	0	73.2394981786028
chr21	34864001	34865000	*	0	0	76.1625872550708
chr21	34960001	34961000	*	0	0	84.2264988425833
chr21	35015001	35016000	*	0	0	73.1190059606665
chr21	35086001	35087000	*	4.9541104131241e-25	1.53627464326172e-24	46.6344889756977
chr21	35747001	35748000	*	0	0	55.152248564415
chr21	35986001	35987000	*	1.08198468886359e-313	7.2201484352112e-313	25.3507109855042
chr21	36164001	36165000	*	0	0	-28.1027883062372
chr21	37442001	37443000	*	0	0	60.6909502802424
chr21	37692001	37693000	*	0	0	55.8291193391751
chr21	38120001	38121000	*	0	0	28.7603153213086
chr21	38593001	38594000	*	0	0	78.3776069728425
chr21	38638001	38639000	*	0	0	-74.9739516904813
chr21	40177001	40178000	*	0	0	80.9695394693838
chr21	40178001	40179000	*	0	0	84.0940268590592
chr21	40555001	40556000	*	0	0	71.6230570403103
chr21	40720001	40721000	*	0	0	52.6260513607574
chr21	40721001	40722000	*	0	0	53.3550838977627
chr21	40817001	40818000	*	0	0	79.9924527648476
chr21	41087001	41088000	*	4.32265992852477e-13	8.25646397561513e-13	-25.3635834787667
chr21	42195001	42196000	*	2.6757907918025e-14	5.40460240040917e-14	38.3151646278883
chr21	42747001	42748000	*	2.06337855404795e-14	4.21610393609595e-14	-25.4260554101837
chr21	43236001	43237000	*	5.29082832880577e-293	3.40143299433818e-292	-47.3408083844832
chr21	43373001	43374000	*	0	0	26.0109530299505
chr21	43639001	43640000	*	0	0	33.6774202400504
chr21	43726001	43727000	*	1.04067880491633e-105	5.12725637955098e-105	-37.7381642871106
chr21	44037001	44038000	*	1.28079366912253e-201	7.33911084667378e-201	-38.071502655499
chr21	44106001	44107000	*	0	0	-50.1250179082163
chr21	44840001	44841000	*	3.90610866430548e-279	2.48095182171234e-278	-33.8015368898612
chr21	44865001	44866000	*	0	0	-53.0296378549359
chr21	45363001	45364000	*	1.77248944279438e-112	8.81515380402506e-112	-25.3337172721491
chr21	45553001	45554000	*	0	0	62.7293622189908
chr21	45559001	45560000	*	5.11594329836571e-81	2.30511163551504e-80	-26.0706249424912
chr21	45643001	45644000	*	5.32254046745651e-08	6.64903506622039e-08	27.6359675992104
chr21	45661001	45662000	*	6.79312595705897e-270	4.21311044205476e-269	34.3175023027584
chr21	45662001	45663000	*	0	0	40.7936869073879
chr21	45705001	45706000	*	0	0	42.085473231208
chr21	45719001	45720000	*	0	0	33.6552975189714
chr21	45720001	45721000	*	0	0	31.1894932237062
chr21	45845001	45846000	*	1.53120386743971e-173	8.49691970671758e-173	-29.998240475772
chr21	45859001	45860000	*	1.2507571527454e-07	1.48692123553035e-07	29.3359237018721
chr21	45883001	45884000	*	8.31765461857606e-118	4.21618487318847e-117	-29.1802963932188
chr21	46143001	46144000	*	0	0	50.0009034583102
chr21	46221001	46222000	*	0	0	38.4202897864861
chr21	46222001	46223000	*	0	0	28.3456776914494
chr21	46320001	46321000	*	3.95855195466878e-92	1.86324699237161e-91	-54.1457636566332
chr21	46359001	46360000	*	0	0	73.601805905029
chr21	46360001	46361000	*	0	0	73.7903044941974
chr21	46369001	46370000	*	0	0	-55.2195780830279
chr21	46494001	46495000	*	0	0	76.4765824695821
chr21	46495001	46496000	*	0	0	80.5226672691434
chr21	46554001	46555000	*	0	0	-38.1849160695664
chr21	46706001	46707000	*	1.28296204326916e-126	6.63079709231704e-126	30.5132672076449
chr21	46824001	46825000	*	0	0	25.5494041640435
chr21	46825001	46826000	*	0	0	33.7099905060251
chr21	46846001	46847000	*	0	0	-60.3462848972695
chr21	46850001	46851000	*	5.96286830876488e-123	3.05189856854408e-122	-31.202197573678
chr21	46912001	46913000	*	5.17268079434264e-83	2.37120957976937e-82	-30.2606172696328
chr21	46913001	46914000	*	7.98502328931108e-132	4.20947843908228e-131	-43.8550247116969
chr21	46929001	46930000	*	5.3264189771909e-300	3.46658943034784e-299	-38.8878542355552
chr21	46951001	46952000	*	0	0	-80.1184747830362
chr21	46952001	46953000	*	0	0	-76.765937969532
chr21	47334001	47335000	*	0	0	-66.1843478189567
chr21	47409001	47410000	*	1.57092593880956e-117	7.88712118773169e-117	-25.9911256244531
chr21	47457001	47458000	*	1.65330610285458e-215	9.79299120508237e-215	-40.0568860534098
chr21	47532001	47533000	*	0	0	-70.9404790073005
chr21	47565001	47566000	*	0	0	-61.3446474442672
chr21	47648001	47649000	*	0	0	84.3958717398531
chr21	47649001	47650000	*	0	0	82.2376497878472
chr21	47717001	47718000	*	0	0	50.4309164962768
chr21	47742001	47743000	*	3.35905230941754e-309	2.21349671753159e-308	66.2031790576102
